0, 0, 32.0013, 32.0112, 0.00300017, 0.0129403, 
1, 1, 48.0004, 48.0104, 32.0013, 32.0112, 
2, 1, 16.0021, 48.0104, 0.00300017, 32.0112, 
3, 1, 16.0021, 16.0121, 0.00300017, 0.0129403, 
4, 1, 48.0004, 16.0121, 32.0013, 0.0129403, 
5, 2, 56, 56.01, 48.0004, 48.0104, 
6, 2, 40.0009, 56.01, 32.0013, 48.0104, 
7, 2, 40.0009, 40.0108, 32.0013, 32.0112, 
8, 2, 56, 40.0108, 48.0004, 32.0112, 
9, 2, 24.0017, 56.01, 16.0021, 48.0104, 
10, 2, 8.00257, 56.01, 0.00300017, 48.0104, 
11, 2, 8.00257, 40.0108, 0.00300017, 32.0112, 
12, 2, 24.0017, 40.0108, 16.0021, 32.0112, 
13, 2, 24.0017, 24.0117, 16.0021, 16.0121, 
14, 2, 8.00257, 24.0117, 0.00300017, 16.0121, 
15, 2, 8.00257, 8.01251, 0.00300017, 0.0129403, 
16, 2, 24.0017, 8.01251, 16.0021, 0.0129403, 
17, 2, 56, 24.0117, 48.0004, 16.0121, 
18, 2, 40.0009, 24.0117, 32.0013, 16.0121, 
19, 2, 40.0009, 8.01251, 32.0013, 0.0129403, 
20, 2, 56, 8.01251, 48.0004, 0.0129403, 
21, 3, 59.9998, 60.0097, 56, 56.01, 
22, 3, 52.0002, 60.0097, 48.0004, 56.01, 
23, 3, 52.0002, 52.0102, 48.0004, 48.0104, 
24, 3, 59.9998, 52.0102, 56, 48.0104, 
25, 3, 44.0007, 60.0097, 40.0009, 56.01, 
26, 3, 36.0011, 60.0097, 32.0013, 56.01, 
27, 3, 36.0011, 52.0102, 32.0013, 48.0104, 
28, 3, 44.0007, 52.0102, 40.0009, 48.0104, 
29, 3, 44.0007, 44.0106, 40.0009, 40.0108, 
30, 3, 36.0011, 44.0106, 32.0013, 40.0108, 
31, 3, 36.0011, 36.011, 32.0013, 32.0112, 
32, 3, 44.0007, 36.011, 40.0009, 32.0112, 
33, 3, 59.9998, 44.0106, 56, 40.0108, 
34, 3, 52.0002, 44.0106, 48.0004, 40.0108, 
35, 3, 52.0002, 36.011, 48.0004, 32.0112, 
36, 3, 59.9998, 36.011, 56, 32.0112, 
37, 3, 28.0015, 60.0097, 24.0017, 56.01, 
38, 3, 20.0019, 60.0097, 16.0021, 56.01, 
39, 3, 20.0019, 52.0102, 16.0021, 48.0104, 
40, 3, 28.0015, 52.0102, 24.0017, 48.0104, 
41, 3, 12.0024, 60.0097, 8.00257, 56.01, 
42, 3, 4.00279, 60.0097, 0.00300017, 56.01, 
43, 3, 4.00279, 52.0102, 0.00300017, 48.0104, 
44, 3, 12.0024, 52.0102, 8.00257, 48.0104, 
45, 3, 12.0024, 44.0106, 8.00257, 40.0108, 
46, 3, 4.00279, 44.0106, 0.00300017, 40.0108, 
47, 3, 4.00279, 36.011, 0.00300017, 32.0112, 
48, 3, 12.0024, 36.011, 8.00257, 32.0112, 
49, 3, 28.0015, 44.0106, 24.0017, 40.0108, 
50, 3, 20.0019, 44.0106, 16.0021, 40.0108, 
51, 3, 20.0019, 36.011, 16.0021, 32.0112, 
52, 3, 28.0015, 36.011, 24.0017, 32.0112, 
53, 3, 28.0015, 28.0114, 24.0017, 24.0117, 
54, 3, 20.0019, 28.0114, 16.0021, 24.0117, 
55, 3, 20.0019, 20.0119, 16.0021, 16.0121, 
56, 3, 28.0015, 20.0119, 24.0017, 16.0121, 
57, 3, 12.0024, 28.0114, 8.00257, 24.0117, 
58, 3, 4.00279, 28.0114, 0.00300017, 24.0117, 
59, 3, 4.00279, 20.0119, 0.00300017, 16.0121, 
60, 3, 12.0024, 20.0119, 8.00257, 16.0121, 
61, 3, 12.0024, 12.0123, 8.00257, 8.01251, 
62, 3, 4.00279, 12.0123, 0.00300017, 8.01251, 
63, 3, 4.00279, 4.01273, 0.00300017, 0.0129403, 
64, 3, 12.0024, 4.01273, 8.00257, 0.0129403, 
65, 3, 28.0015, 12.0123, 24.0017, 8.01251, 
66, 3, 20.0019, 12.0123, 16.0021, 8.01251, 
67, 3, 20.0019, 4.01273, 16.0021, 0.0129403, 
68, 3, 28.0015, 4.01273, 24.0017, 0.0129403, 
69, 3, 59.9998, 28.0114, 56, 24.0117, 
70, 3, 52.0002, 28.0114, 48.0004, 24.0117, 
71, 3, 52.0002, 20.0119, 48.0004, 16.0121, 
72, 3, 59.9998, 20.0119, 56, 16.0121, 
73, 3, 44.0007, 28.0114, 40.0009, 24.0117, 
74, 3, 36.0011, 28.0114, 32.0013, 24.0117, 
75, 3, 36.0011, 20.0119, 32.0013, 16.0121, 
76, 3, 44.0007, 20.0119, 40.0009, 16.0121, 
77, 3, 44.0007, 12.0123, 40.0009, 8.01251, 
78, 3, 36.0011, 12.0123, 32.0013, 8.01251, 
79, 3, 36.0011, 4.01273, 32.0013, 0.0129403, 
80, 3, 44.0007, 4.01273, 40.0009, 0.0129403, 
81, 3, 59.9998, 12.0123, 56, 8.01251, 
82, 3, 52.0002, 12.0123, 48.0004, 8.01251, 
83, 3, 52.0002, 4.01273, 48.0004, 0.0129403, 
84, 3, 59.9998, 4.01273, 56, 0.0129403, 
85, 4, 61.9997, 62.0096, 59.9998, 60.0097, 
86, 4, 57.9999, 62.0096, 56, 60.0097, 
87, 4, 57.9999, 58.0098, 56, 56.01, 
88, 4, 61.9997, 58.0098, 59.9998, 56.01, 
89, 4, 54.0001, 62.0096, 52.0002, 60.0097, 
90, 4, 50.0003, 62.0096, 48.0004, 60.0097, 
91, 4, 50.0003, 58.0098, 48.0004, 56.01, 
92, 4, 54.0001, 58.0098, 52.0002, 56.01, 
93, 4, 54.0001, 54.0101, 52.0002, 52.0102, 
94, 4, 50.0003, 54.0101, 48.0004, 52.0102, 
95, 4, 50.0003, 50.0103, 48.0004, 48.0104, 
96, 4, 54.0001, 50.0103, 52.0002, 48.0104, 
97, 4, 61.9997, 54.0101, 59.9998, 52.0102, 
98, 4, 57.9999, 54.0101, 56, 52.0102, 
99, 4, 57.9999, 50.0103, 56, 48.0104, 
100, 4, 61.9997, 50.0103, 59.9998, 48.0104, 
101, 4, 46.0005, 62.0096, 44.0007, 60.0097, 
102, 4, 42.0008, 62.0096, 40.0009, 60.0097, 
103, 4, 42.0008, 58.0098, 40.0009, 56.01, 
104, 4, 46.0005, 58.0098, 44.0007, 56.01, 
105, 4, 38.001, 62.0096, 36.0011, 60.0097, 
106, 4, 34.0012, 62.0096, 32.0013, 60.0097, 
107, 4, 34.0012, 58.0098, 32.0013, 56.01, 
108, 4, 38.001, 58.0098, 36.0011, 56.01, 
109, 4, 38.001, 54.0101, 36.0011, 52.0102, 
110, 4, 34.0012, 54.0101, 32.0013, 52.0102, 
111, 4, 34.0012, 50.0103, 32.0013, 48.0104, 
112, 4, 38.001, 50.0103, 36.0011, 48.0104, 
113, 4, 46.0005, 54.0101, 44.0007, 52.0102, 
114, 4, 42.0008, 54.0101, 40.0009, 52.0102, 
115, 4, 42.0008, 50.0103, 40.0009, 48.0104, 
116, 4, 46.0005, 50.0103, 44.0007, 48.0104, 
117, 4, 46.0005, 46.0105, 44.0007, 44.0106, 
118, 4, 42.0008, 46.0105, 40.0009, 44.0106, 
119, 4, 42.0008, 42.0107, 40.0009, 40.0108, 
120, 4, 46.0005, 42.0107, 44.0007, 40.0108, 
121, 4, 38.001, 46.0105, 36.0011, 44.0106, 
122, 4, 34.0012, 46.0105, 32.0013, 44.0106, 
123, 4, 34.0012, 42.0107, 32.0013, 40.0108, 
124, 4, 38.001, 42.0107, 36.0011, 40.0108, 
125, 4, 38.001, 38.0109, 36.0011, 36.011, 
126, 4, 34.0012, 38.0109, 32.0013, 36.011, 
127, 4, 34.0012, 34.0111, 32.0013, 32.0112, 
128, 4, 38.001, 34.0111, 36.0011, 32.0112, 
129, 4, 46.0005, 38.0109, 44.0007, 36.011, 
130, 4, 42.0008, 38.0109, 40.0009, 36.011, 
131, 4, 42.0008, 34.0111, 40.0009, 32.0112, 
132, 4, 46.0005, 34.0111, 44.0007, 32.0112, 
133, 4, 61.9997, 46.0105, 59.9998, 44.0106, 
134, 4, 57.9999, 46.0105, 56, 44.0106, 
135, 4, 57.9999, 42.0107, 56, 40.0108, 
136, 4, 61.9997, 42.0107, 59.9998, 40.0108, 
137, 4, 54.0001, 46.0105, 52.0002, 44.0106, 
138, 4, 50.0003, 46.0105, 48.0004, 44.0106, 
139, 4, 50.0003, 42.0107, 48.0004, 40.0108, 
140, 4, 54.0001, 42.0107, 52.0002, 40.0108, 
141, 4, 54.0001, 38.0109, 52.0002, 36.011, 
142, 4, 50.0003, 38.0109, 48.0004, 36.011, 
143, 4, 50.0003, 34.0111, 48.0004, 32.0112, 
144, 4, 54.0001, 34.0111, 52.0002, 32.0112, 
145, 4, 61.9997, 38.0109, 59.9998, 36.011, 
146, 4, 57.9999, 38.0109, 56, 36.011, 
147, 4, 57.9999, 34.0111, 56, 32.0112, 
148, 4, 61.9997, 34.0111, 59.9998, 32.0112, 
149, 4, 30.0014, 62.0096, 28.0015, 60.0097, 
150, 4, 26.0016, 62.0096, 24.0017, 60.0097, 
151, 4, 26.0016, 58.0098, 24.0017, 56.01, 
152, 4, 30.0014, 58.0098, 28.0015, 56.01, 
153, 4, 22.0018, 62.0096, 20.0019, 60.0097, 
154, 4, 18.002, 62.0096, 16.0021, 60.0097, 
155, 4, 18.002, 58.0098, 16.0021, 56.01, 
156, 4, 22.0018, 58.0098, 20.0019, 56.01, 
157, 4, 22.0018, 54.0101, 20.0019, 52.0102, 
158, 4, 18.002, 54.0101, 16.0021, 52.0102, 
159, 4, 18.002, 50.0103, 16.0021, 48.0104, 
160, 4, 22.0018, 50.0103, 20.0019, 48.0104, 
161, 4, 30.0014, 54.0101, 28.0015, 52.0102, 
162, 4, 26.0016, 54.0101, 24.0017, 52.0102, 
163, 4, 26.0016, 50.0103, 24.0017, 48.0104, 
164, 4, 30.0014, 50.0103, 28.0015, 48.0104, 
165, 4, 14.0023, 62.0096, 12.0024, 60.0097, 
166, 4, 10.0025, 62.0096, 8.00257, 60.0097, 
167, 4, 10.0025, 58.0098, 8.00257, 56.01, 
168, 4, 14.0023, 58.0098, 12.0024, 56.01, 
169, 4, 6.00268, 62.0096, 4.00279, 60.0097, 
170, 4, 2.00289, 62.0096, 0.00300017, 60.0097, 
171, 4, 2.00289, 58.0098, 0.00300017, 56.01, 
172, 4, 6.00268, 58.0098, 4.00279, 56.01, 
173, 4, 6.00268, 54.0101, 4.00279, 52.0102, 
174, 4, 2.00289, 54.0101, 0.00300017, 52.0102, 
175, 4, 2.00289, 50.0103, 0.00300017, 48.0104, 
176, 4, 6.00268, 50.0103, 4.00279, 48.0104, 
177, 4, 14.0023, 54.0101, 12.0024, 52.0102, 
178, 4, 10.0025, 54.0101, 8.00257, 52.0102, 
179, 4, 10.0025, 50.0103, 8.00257, 48.0104, 
180, 4, 14.0023, 50.0103, 12.0024, 48.0104, 
181, 4, 14.0023, 46.0105, 12.0024, 44.0106, 
182, 4, 10.0025, 46.0105, 8.00257, 44.0106, 
183, 4, 10.0025, 42.0107, 8.00257, 40.0108, 
184, 4, 14.0023, 42.0107, 12.0024, 40.0108, 
185, 4, 6.00268, 46.0105, 4.00279, 44.0106, 
186, 4, 2.00289, 46.0105, 0.00300017, 44.0106, 
187, 4, 2.00289, 42.0107, 0.00300017, 40.0108, 
188, 4, 6.00268, 42.0107, 4.00279, 40.0108, 
189, 4, 6.00268, 38.0109, 4.00279, 36.011, 
190, 4, 2.00289, 38.0109, 0.00300017, 36.011, 
191, 4, 2.00289, 34.0111, 0.00300017, 32.0112, 
192, 4, 6.00268, 34.0111, 4.00279, 32.0112, 
193, 4, 14.0023, 38.0109, 12.0024, 36.011, 
194, 4, 10.0025, 38.0109, 8.00257, 36.011, 
195, 4, 10.0025, 34.0111, 8.00257, 32.0112, 
196, 4, 14.0023, 34.0111, 12.0024, 32.0112, 
197, 4, 30.0014, 46.0105, 28.0015, 44.0106, 
198, 4, 26.0016, 46.0105, 24.0017, 44.0106, 
199, 4, 26.0016, 42.0107, 24.0017, 40.0108, 
200, 4, 30.0014, 42.0107, 28.0015, 40.0108, 
201, 4, 22.0018, 46.0105, 20.0019, 44.0106, 
202, 4, 18.002, 46.0105, 16.0021, 44.0106, 
203, 4, 18.002, 42.0107, 16.0021, 40.0108, 
204, 4, 22.0018, 42.0107, 20.0019, 40.0108, 
205, 4, 22.0018, 38.0109, 20.0019, 36.011, 
206, 4, 18.002, 38.0109, 16.0021, 36.011, 
207, 4, 18.002, 34.0111, 16.0021, 32.0112, 
208, 4, 22.0018, 34.0111, 20.0019, 32.0112, 
209, 4, 30.0014, 38.0109, 28.0015, 36.011, 
210, 4, 26.0016, 38.0109, 24.0017, 36.011, 
211, 4, 26.0016, 34.0111, 24.0017, 32.0112, 
212, 4, 30.0014, 34.0111, 28.0015, 32.0112, 
213, 4, 30.0014, 30.0113, 28.0015, 28.0114, 
214, 4, 26.0016, 30.0113, 24.0017, 28.0114, 
215, 4, 26.0016, 26.0116, 24.0017, 24.0117, 
216, 4, 30.0014, 26.0116, 28.0015, 24.0117, 
217, 4, 22.0018, 30.0113, 20.0019, 28.0114, 
218, 4, 18.002, 30.0113, 16.0021, 28.0114, 
219, 4, 18.002, 26.0116, 16.0021, 24.0117, 
220, 4, 22.0018, 26.0116, 20.0019, 24.0117, 
221, 4, 22.0018, 22.0118, 20.0019, 20.0119, 
222, 4, 18.002, 22.0118, 16.0021, 20.0119, 
223, 4, 18.002, 18.012, 16.0021, 16.0121, 
224, 4, 22.0018, 18.012, 20.0019, 16.0121, 
225, 4, 30.0014, 22.0118, 28.0015, 20.0119, 
226, 4, 26.0016, 22.0118, 24.0017, 20.0119, 
227, 4, 26.0016, 18.012, 24.0017, 16.0121, 
228, 4, 30.0014, 18.012, 28.0015, 16.0121, 
229, 4, 14.0023, 30.0113, 12.0024, 28.0114, 
230, 4, 10.0025, 30.0113, 8.00257, 28.0114, 
231, 4, 10.0025, 26.0116, 8.00257, 24.0117, 
232, 4, 14.0023, 26.0116, 12.0024, 24.0117, 
233, 4, 6.00268, 30.0113, 4.00279, 28.0114, 
234, 4, 2.00289, 30.0113, 0.00300017, 28.0114, 
235, 4, 2.00289, 26.0116, 0.00300017, 24.0117, 
236, 4, 6.00268, 26.0116, 4.00279, 24.0117, 
237, 4, 6.00268, 22.0118, 4.00279, 20.0119, 
238, 4, 2.00289, 22.0118, 0.00300017, 20.0119, 
239, 4, 2.00289, 18.012, 0.00300017, 16.0121, 
240, 4, 6.00268, 18.012, 4.00279, 16.0121, 
241, 4, 14.0023, 22.0118, 12.0024, 20.0119, 
242, 4, 10.0025, 22.0118, 8.00257, 20.0119, 
243, 4, 10.0025, 18.012, 8.00257, 16.0121, 
244, 4, 14.0023, 18.012, 12.0024, 16.0121, 
245, 4, 14.0023, 14.0122, 12.0024, 12.0123, 
246, 4, 10.0025, 14.0122, 8.00257, 12.0123, 
247, 4, 10.0025, 10.0124, 8.00257, 8.01251, 
248, 4, 14.0023, 10.0124, 12.0024, 8.01251, 
249, 4, 6.00268, 14.0122, 4.00279, 12.0123, 
250, 4, 2.00289, 14.0122, 0.00300017, 12.0123, 
251, 4, 2.00289, 10.0124, 0.00300017, 8.01251, 
252, 4, 6.00268, 10.0124, 4.00279, 8.01251, 
253, 4, 6.00268, 6.01262, 4.00279, 4.01273, 
254, 4, 2.00289, 6.01262, 0.00300017, 4.01273, 
255, 4, 2.00289, 2.01283, 0.00300017, 0.0129403, 
256, 4, 6.00268, 2.01283, 4.00279, 0.0129403, 
257, 4, 14.0023, 6.01262, 12.0024, 4.01273, 
258, 4, 10.0025, 6.01262, 8.00257, 4.01273, 
259, 4, 10.0025, 2.01283, 8.00257, 0.0129403, 
260, 4, 14.0023, 2.01283, 12.0024, 0.0129403, 
261, 4, 30.0014, 14.0122, 28.0015, 12.0123, 
262, 4, 26.0016, 14.0122, 24.0017, 12.0123, 
263, 4, 26.0016, 10.0124, 24.0017, 8.01251, 
264, 4, 30.0014, 10.0124, 28.0015, 8.01251, 
265, 4, 22.0018, 14.0122, 20.0019, 12.0123, 
266, 4, 18.002, 14.0122, 16.0021, 12.0123, 
267, 4, 18.002, 10.0124, 16.0021, 8.01251, 
268, 4, 22.0018, 10.0124, 20.0019, 8.01251, 
269, 4, 22.0018, 6.01262, 20.0019, 4.01273, 
270, 4, 18.002, 6.01262, 16.0021, 4.01273, 
271, 4, 18.002, 2.01283, 16.0021, 0.0129403, 
272, 4, 22.0018, 2.01283, 20.0019, 0.0129403, 
273, 4, 30.0014, 6.01262, 28.0015, 4.01273, 
274, 4, 26.0016, 6.01262, 24.0017, 4.01273, 
275, 4, 26.0016, 2.01283, 24.0017, 0.0129403, 
276, 4, 30.0014, 2.01283, 28.0015, 0.0129403, 
277, 4, 61.9997, 30.0113, 59.9998, 28.0114, 
278, 4, 57.9999, 30.0113, 56, 28.0114, 
279, 4, 57.9999, 26.0116, 56, 24.0117, 
280, 4, 61.9997, 26.0116, 59.9998, 24.0117, 
281, 4, 54.0001, 30.0113, 52.0002, 28.0114, 
282, 4, 50.0003, 30.0113, 48.0004, 28.0114, 
283, 4, 50.0003, 26.0116, 48.0004, 24.0117, 
284, 4, 54.0001, 26.0116, 52.0002, 24.0117, 
285, 4, 54.0001, 22.0118, 52.0002, 20.0119, 
286, 4, 50.0003, 22.0118, 48.0004, 20.0119, 
287, 4, 50.0003, 18.012, 48.0004, 16.0121, 
288, 4, 54.0001, 18.012, 52.0002, 16.0121, 
289, 4, 61.9997, 22.0118, 59.9998, 20.0119, 
290, 4, 57.9999, 22.0118, 56, 20.0119, 
291, 4, 57.9999, 18.012, 56, 16.0121, 
292, 4, 61.9997, 18.012, 59.9998, 16.0121, 
293, 4, 46.0005, 30.0113, 44.0007, 28.0114, 
294, 4, 42.0008, 30.0113, 40.0009, 28.0114, 
295, 4, 42.0008, 26.0116, 40.0009, 24.0117, 
296, 4, 46.0005, 26.0116, 44.0007, 24.0117, 
297, 4, 38.001, 30.0113, 36.0011, 28.0114, 
298, 4, 34.0012, 30.0113, 32.0013, 28.0114, 
299, 4, 34.0012, 26.0116, 32.0013, 24.0117, 
300, 4, 38.001, 26.0116, 36.0011, 24.0117, 
301, 4, 38.001, 22.0118, 36.0011, 20.0119, 
302, 4, 34.0012, 22.0118, 32.0013, 20.0119, 
303, 4, 34.0012, 18.012, 32.0013, 16.0121, 
304, 4, 38.001, 18.012, 36.0011, 16.0121, 
305, 4, 46.0005, 22.0118, 44.0007, 20.0119, 
306, 4, 42.0008, 22.0118, 40.0009, 20.0119, 
307, 4, 42.0008, 18.012, 40.0009, 16.0121, 
308, 4, 46.0005, 18.012, 44.0007, 16.0121, 
309, 4, 46.0005, 14.0122, 44.0007, 12.0123, 
310, 4, 42.0008, 14.0122, 40.0009, 12.0123, 
311, 4, 42.0008, 10.0124, 40.0009, 8.01251, 
312, 4, 46.0005, 10.0124, 44.0007, 8.01251, 
313, 4, 38.001, 14.0122, 36.0011, 12.0123, 
314, 4, 34.0012, 14.0122, 32.0013, 12.0123, 
315, 4, 34.0012, 10.0124, 32.0013, 8.01251, 
316, 4, 38.001, 10.0124, 36.0011, 8.01251, 
317, 4, 38.001, 6.01262, 36.0011, 4.01273, 
318, 4, 34.0012, 6.01262, 32.0013, 4.01273, 
319, 4, 34.0012, 2.01283, 32.0013, 0.0129403, 
320, 4, 38.001, 2.01283, 36.0011, 0.0129403, 
321, 4, 46.0005, 6.01262, 44.0007, 4.01273, 
322, 4, 42.0008, 6.01262, 40.0009, 4.01273, 
323, 4, 42.0008, 2.01283, 40.0009, 0.0129403, 
324, 4, 46.0005, 2.01283, 44.0007, 0.0129403, 
325, 4, 61.9997, 14.0122, 59.9998, 12.0123, 
326, 4, 57.9999, 14.0122, 56, 12.0123, 
327, 4, 57.9999, 10.0124, 56, 8.01251, 
328, 4, 61.9997, 10.0124, 59.9998, 8.01251, 
329, 4, 54.0001, 14.0122, 52.0002, 12.0123, 
330, 4, 50.0003, 14.0122, 48.0004, 12.0123, 
331, 4, 50.0003, 10.0124, 48.0004, 8.01251, 
332, 4, 54.0001, 10.0124, 52.0002, 8.01251, 
333, 4, 54.0001, 6.01262, 52.0002, 4.01273, 
334, 4, 50.0003, 6.01262, 48.0004, 4.01273, 
335, 4, 50.0003, 2.01283, 48.0004, 0.0129403, 
336, 4, 54.0001, 2.01283, 52.0002, 0.0129403, 
337, 4, 61.9997, 6.01262, 59.9998, 4.01273, 
338, 4, 57.9999, 6.01262, 56, 4.01273, 
339, 4, 57.9999, 2.01283, 56, 0.0129403, 
340, 4, 61.9997, 2.01283, 59.9998, 0.0129403, 
341, 5, 62.9996, 63.0096, 61.9997, 62.0096, 
342, 5, 60.9997, 63.0096, 59.9998, 62.0096, 
343, 5, 60.9997, 61.0097, 59.9998, 60.0097, 
344, 5, 62.9996, 61.0097, 61.9997, 60.0097, 
345, 5, 58.9999, 63.0096, 57.9999, 62.0096, 
346, 5, 57, 63.0096, 56, 62.0096, 
347, 5, 57, 61.0097, 56, 60.0097, 
348, 5, 58.9999, 61.0097, 57.9999, 60.0097, 
349, 5, 58.9999, 59.0098, 57.9999, 58.0098, 
350, 5, 57, 59.0098, 56, 58.0098, 
351, 5, 57, 57.0099, 56, 56.01, 
352, 5, 58.9999, 57.0099, 57.9999, 56.01, 
353, 5, 62.9996, 59.0098, 61.9997, 58.0098, 
354, 5, 60.9997, 59.0098, 59.9998, 58.0098, 
355, 5, 60.9997, 57.0099, 59.9998, 56.01, 
356, 5, 62.9996, 57.0099, 61.9997, 56.01, 
357, 5, 55.0001, 63.0096, 54.0001, 62.0096, 
358, 5, 53.0002, 63.0096, 52.0002, 62.0096, 
359, 5, 53.0002, 61.0097, 52.0002, 60.0097, 
360, 5, 55.0001, 61.0097, 54.0001, 60.0097, 
361, 5, 51.0003, 63.0096, 50.0003, 62.0096, 
362, 5, 49.0004, 63.0096, 48.0004, 62.0096, 
363, 5, 49.0004, 61.0097, 48.0004, 60.0097, 
364, 5, 51.0003, 61.0097, 50.0003, 60.0097, 
365, 5, 51.0003, 59.0098, 50.0003, 58.0098, 
366, 5, 49.0004, 59.0098, 48.0004, 58.0098, 
367, 5, 49.0004, 57.0099, 48.0004, 56.01, 
368, 5, 51.0003, 57.0099, 50.0003, 56.01, 
369, 5, 55.0001, 59.0098, 54.0001, 58.0098, 
370, 5, 53.0002, 59.0098, 52.0002, 58.0098, 
371, 5, 53.0002, 57.0099, 52.0002, 56.01, 
372, 5, 55.0001, 57.0099, 54.0001, 56.01, 
373, 5, 55.0001, 55.01, 54.0001, 54.0101, 
374, 5, 53.0002, 55.01, 52.0002, 54.0101, 
375, 5, 53.0002, 53.0101, 52.0002, 52.0102, 
376, 5, 55.0001, 53.0101, 54.0001, 52.0102, 
377, 5, 51.0003, 55.01, 50.0003, 54.0101, 
378, 5, 49.0004, 55.01, 48.0004, 54.0101, 
379, 5, 49.0004, 53.0101, 48.0004, 52.0102, 
380, 5, 51.0003, 53.0101, 50.0003, 52.0102, 
381, 5, 51.0003, 51.0102, 50.0003, 50.0103, 
382, 5, 49.0004, 51.0102, 48.0004, 50.0103, 
383, 5, 49.0004, 49.0103, 48.0004, 48.0104, 
384, 5, 51.0003, 49.0103, 50.0003, 48.0104, 
385, 5, 55.0001, 51.0102, 54.0001, 50.0103, 
386, 5, 53.0002, 51.0102, 52.0002, 50.0103, 
387, 5, 53.0002, 49.0103, 52.0002, 48.0104, 
388, 5, 55.0001, 49.0103, 54.0001, 48.0104, 
389, 5, 62.9996, 55.01, 61.9997, 54.0101, 
390, 5, 60.9997, 55.01, 59.9998, 54.0101, 
391, 5, 60.9997, 53.0101, 59.9998, 52.0102, 
392, 5, 62.9996, 53.0101, 61.9997, 52.0102, 
393, 5, 58.9999, 55.01, 57.9999, 54.0101, 
394, 5, 57, 55.01, 56, 54.0101, 
395, 5, 57, 53.0101, 56, 52.0102, 
396, 5, 58.9999, 53.0101, 57.9999, 52.0102, 
397, 5, 58.9999, 51.0102, 57.9999, 50.0103, 
398, 5, 57, 51.0102, 56, 50.0103, 
399, 5, 57, 49.0103, 56, 48.0104, 
400, 5, 58.9999, 49.0103, 57.9999, 48.0104, 
401, 5, 62.9996, 51.0102, 61.9997, 50.0103, 
402, 5, 60.9997, 51.0102, 59.9998, 50.0103, 
403, 5, 60.9997, 49.0103, 59.9998, 48.0104, 
404, 5, 62.9996, 49.0103, 61.9997, 48.0104, 
405, 5, 47.0005, 63.0096, 46.0005, 62.0096, 
406, 5, 45.0006, 63.0096, 44.0007, 62.0096, 
407, 5, 45.0006, 61.0097, 44.0007, 60.0097, 
408, 5, 47.0005, 61.0097, 46.0005, 60.0097, 
409, 5, 43.0007, 63.0096, 42.0008, 62.0096, 
410, 5, 41.0008, 63.0096, 40.0009, 62.0096, 
411, 5, 41.0008, 61.0097, 40.0009, 60.0097, 
412, 5, 43.0007, 61.0097, 42.0008, 60.0097, 
413, 5, 43.0007, 59.0098, 42.0008, 58.0098, 
414, 5, 41.0008, 59.0098, 40.0009, 58.0098, 
415, 5, 41.0008, 57.0099, 40.0009, 56.01, 
416, 5, 43.0007, 57.0099, 42.0008, 56.01, 
417, 5, 47.0005, 59.0098, 46.0005, 58.0098, 
418, 5, 45.0006, 59.0098, 44.0007, 58.0098, 
419, 5, 45.0006, 57.0099, 44.0007, 56.01, 
420, 5, 47.0005, 57.0099, 46.0005, 56.01, 
421, 5, 39.0009, 63.0096, 38.001, 62.0096, 
422, 5, 37.001, 63.0096, 36.0011, 62.0096, 
423, 5, 37.001, 61.0097, 36.0011, 60.0097, 
424, 5, 39.0009, 61.0097, 38.001, 60.0097, 
425, 5, 35.0011, 63.0096, 34.0012, 62.0096, 
426, 5, 33.0012, 63.0096, 32.0013, 62.0096, 
427, 5, 33.0012, 61.0097, 32.0013, 60.0097, 
428, 5, 35.0011, 61.0097, 34.0012, 60.0097, 
429, 5, 35.0011, 59.0098, 34.0012, 58.0098, 
430, 5, 33.0012, 59.0098, 32.0013, 58.0098, 
431, 5, 33.0012, 57.0099, 32.0013, 56.01, 
432, 5, 35.0011, 57.0099, 34.0012, 56.01, 
433, 5, 39.0009, 59.0098, 38.001, 58.0098, 
434, 5, 37.001, 59.0098, 36.0011, 58.0098, 
435, 5, 37.001, 57.0099, 36.0011, 56.01, 
436, 5, 39.0009, 57.0099, 38.001, 56.01, 
437, 5, 39.0009, 55.01, 38.001, 54.0101, 
438, 5, 37.001, 55.01, 36.0011, 54.0101, 
439, 5, 37.001, 53.0101, 36.0011, 52.0102, 
440, 5, 39.0009, 53.0101, 38.001, 52.0102, 
441, 5, 35.0011, 55.01, 34.0012, 54.0101, 
442, 5, 33.0012, 55.01, 32.0013, 54.0101, 
443, 5, 33.0012, 53.0101, 32.0013, 52.0102, 
444, 5, 35.0011, 53.0101, 34.0012, 52.0102, 
445, 5, 35.0011, 51.0102, 34.0012, 50.0103, 
446, 5, 33.0012, 51.0102, 32.0013, 50.0103, 
447, 5, 33.0012, 49.0103, 32.0013, 48.0104, 
448, 5, 35.0011, 49.0103, 34.0012, 48.0104, 
449, 5, 39.0009, 51.0102, 38.001, 50.0103, 
450, 5, 37.001, 51.0102, 36.0011, 50.0103, 
451, 5, 37.001, 49.0103, 36.0011, 48.0104, 
452, 5, 39.0009, 49.0103, 38.001, 48.0104, 
453, 5, 47.0005, 55.01, 46.0005, 54.0101, 
454, 5, 45.0006, 55.01, 44.0007, 54.0101, 
455, 5, 45.0006, 53.0101, 44.0007, 52.0102, 
456, 5, 47.0005, 53.0101, 46.0005, 52.0102, 
457, 5, 43.0007, 55.01, 42.0008, 54.0101, 
458, 5, 41.0008, 55.01, 40.0009, 54.0101, 
459, 5, 41.0008, 53.0101, 40.0009, 52.0102, 
460, 5, 43.0007, 53.0101, 42.0008, 52.0102, 
461, 5, 43.0007, 51.0102, 42.0008, 50.0103, 
462, 5, 41.0008, 51.0102, 40.0009, 50.0103, 
463, 5, 41.0008, 49.0103, 40.0009, 48.0104, 
464, 5, 43.0007, 49.0103, 42.0008, 48.0104, 
465, 5, 47.0005, 51.0102, 46.0005, 50.0103, 
466, 5, 45.0006, 51.0102, 44.0007, 50.0103, 
467, 5, 45.0006, 49.0103, 44.0007, 48.0104, 
468, 5, 47.0005, 49.0103, 46.0005, 48.0104, 
469, 5, 47.0005, 47.0104, 46.0005, 46.0105, 
470, 5, 45.0006, 47.0104, 44.0007, 46.0105, 
471, 5, 45.0006, 45.0105, 44.0007, 44.0106, 
472, 5, 47.0005, 45.0105, 46.0005, 44.0106, 
473, 5, 43.0007, 47.0104, 42.0008, 46.0105, 
474, 5, 41.0008, 47.0104, 40.0009, 46.0105, 
475, 5, 41.0008, 45.0105, 40.0009, 44.0106, 
476, 5, 43.0007, 45.0105, 42.0008, 44.0106, 
477, 5, 43.0007, 43.0106, 42.0008, 42.0107, 
478, 5, 41.0008, 43.0106, 40.0009, 42.0107, 
479, 5, 41.0008, 41.0108, 40.0009, 40.0108, 
480, 5, 43.0007, 41.0108, 42.0008, 40.0108, 
481, 5, 47.0005, 43.0106, 46.0005, 42.0107, 
482, 5, 45.0006, 43.0106, 44.0007, 42.0107, 
483, 5, 45.0006, 41.0108, 44.0007, 40.0108, 
484, 5, 47.0005, 41.0108, 46.0005, 40.0108, 
485, 5, 39.0009, 47.0104, 38.001, 46.0105, 
486, 5, 37.001, 47.0104, 36.0011, 46.0105, 
487, 5, 37.001, 45.0105, 36.0011, 44.0106, 
488, 5, 39.0009, 45.0105, 38.001, 44.0106, 
489, 5, 35.0011, 47.0104, 34.0012, 46.0105, 
490, 5, 33.0012, 47.0104, 32.0013, 46.0105, 
491, 5, 33.0012, 45.0105, 32.0013, 44.0106, 
492, 5, 35.0011, 45.0105, 34.0012, 44.0106, 
493, 5, 35.0011, 43.0106, 34.0012, 42.0107, 
494, 5, 33.0012, 43.0106, 32.0013, 42.0107, 
495, 5, 33.0012, 41.0108, 32.0013, 40.0108, 
496, 5, 35.0011, 41.0108, 34.0012, 40.0108, 
497, 5, 39.0009, 43.0106, 38.001, 42.0107, 
498, 5, 37.001, 43.0106, 36.0011, 42.0107, 
499, 5, 37.001, 41.0108, 36.0011, 40.0108, 
500, 5, 39.0009, 41.0108, 38.001, 40.0108, 
501, 5, 39.0009, 39.0109, 38.001, 38.0109, 
502, 5, 37.001, 39.0109, 36.0011, 38.0109, 
503, 5, 37.001, 37.011, 36.0011, 36.011, 
504, 5, 39.0009, 37.011, 38.001, 36.011, 
505, 5, 35.0011, 39.0109, 34.0012, 38.0109, 
506, 5, 33.0012, 39.0109, 32.0013, 38.0109, 
507, 5, 33.0012, 37.011, 32.0013, 36.011, 
508, 5, 35.0011, 37.011, 34.0012, 36.011, 
509, 5, 35.0011, 35.0111, 34.0012, 34.0111, 
510, 5, 33.0012, 35.0111, 32.0013, 34.0111, 
511, 5, 33.0012, 33.0112, 32.0013, 32.0112, 
512, 5, 35.0011, 33.0112, 34.0012, 32.0112, 
513, 5, 39.0009, 35.0111, 38.001, 34.0111, 
514, 5, 37.001, 35.0111, 36.0011, 34.0111, 
515, 5, 37.001, 33.0112, 36.0011, 32.0112, 
516, 5, 39.0009, 33.0112, 38.001, 32.0112, 
517, 5, 47.0005, 39.0109, 46.0005, 38.0109, 
518, 5, 45.0006, 39.0109, 44.0007, 38.0109, 
519, 5, 45.0006, 37.011, 44.0007, 36.011, 
520, 5, 47.0005, 37.011, 46.0005, 36.011, 
521, 5, 43.0007, 39.0109, 42.0008, 38.0109, 
522, 5, 41.0008, 39.0109, 40.0009, 38.0109, 
523, 5, 41.0008, 37.011, 40.0009, 36.011, 
524, 5, 43.0007, 37.011, 42.0008, 36.011, 
525, 5, 43.0007, 35.0111, 42.0008, 34.0111, 
526, 5, 41.0008, 35.0111, 40.0009, 34.0111, 
527, 5, 41.0008, 33.0112, 40.0009, 32.0112, 
528, 5, 43.0007, 33.0112, 42.0008, 32.0112, 
529, 5, 47.0005, 35.0111, 46.0005, 34.0111, 
530, 5, 45.0006, 35.0111, 44.0007, 34.0111, 
531, 5, 45.0006, 33.0112, 44.0007, 32.0112, 
532, 5, 47.0005, 33.0112, 46.0005, 32.0112, 
533, 5, 62.9996, 47.0104, 61.9997, 46.0105, 
534, 5, 60.9997, 47.0104, 59.9998, 46.0105, 
535, 5, 60.9997, 45.0105, 59.9998, 44.0106, 
536, 5, 62.9996, 45.0105, 61.9997, 44.0106, 
537, 5, 58.9999, 47.0104, 57.9999, 46.0105, 
538, 5, 57, 47.0104, 56, 46.0105, 
539, 5, 57, 45.0105, 56, 44.0106, 
540, 5, 58.9999, 45.0105, 57.9999, 44.0106, 
541, 5, 58.9999, 43.0106, 57.9999, 42.0107, 
542, 5, 57, 43.0106, 56, 42.0107, 
543, 5, 57, 41.0108, 56, 40.0108, 
544, 5, 58.9999, 41.0108, 57.9999, 40.0108, 
545, 5, 62.9996, 43.0106, 61.9997, 42.0107, 
546, 5, 60.9997, 43.0106, 59.9998, 42.0107, 
547, 5, 60.9997, 41.0108, 59.9998, 40.0108, 
548, 5, 62.9996, 41.0108, 61.9997, 40.0108, 
549, 5, 55.0001, 47.0104, 54.0001, 46.0105, 
550, 5, 53.0002, 47.0104, 52.0002, 46.0105, 
551, 5, 53.0002, 45.0105, 52.0002, 44.0106, 
552, 5, 55.0001, 45.0105, 54.0001, 44.0106, 
553, 5, 51.0003, 47.0104, 50.0003, 46.0105, 
554, 5, 49.0004, 47.0104, 48.0004, 46.0105, 
555, 5, 49.0004, 45.0105, 48.0004, 44.0106, 
556, 5, 51.0003, 45.0105, 50.0003, 44.0106, 
557, 5, 51.0003, 43.0106, 50.0003, 42.0107, 
558, 5, 49.0004, 43.0106, 48.0004, 42.0107, 
559, 5, 49.0004, 41.0108, 48.0004, 40.0108, 
560, 5, 51.0003, 41.0108, 50.0003, 40.0108, 
561, 5, 55.0001, 43.0106, 54.0001, 42.0107, 
562, 5, 53.0002, 43.0106, 52.0002, 42.0107, 
563, 5, 53.0002, 41.0108, 52.0002, 40.0108, 
564, 5, 55.0001, 41.0108, 54.0001, 40.0108, 
565, 5, 55.0001, 39.0109, 54.0001, 38.0109, 
566, 5, 53.0002, 39.0109, 52.0002, 38.0109, 
567, 5, 53.0002, 37.011, 52.0002, 36.011, 
568, 5, 55.0001, 37.011, 54.0001, 36.011, 
569, 5, 51.0003, 39.0109, 50.0003, 38.0109, 
570, 5, 49.0004, 39.0109, 48.0004, 38.0109, 
571, 5, 49.0004, 37.011, 48.0004, 36.011, 
572, 5, 51.0003, 37.011, 50.0003, 36.011, 
573, 5, 51.0003, 35.0111, 50.0003, 34.0111, 
574, 5, 49.0004, 35.0111, 48.0004, 34.0111, 
575, 5, 49.0004, 33.0112, 48.0004, 32.0112, 
576, 5, 51.0003, 33.0112, 50.0003, 32.0112, 
577, 5, 55.0001, 35.0111, 54.0001, 34.0111, 
578, 5, 53.0002, 35.0111, 52.0002, 34.0111, 
579, 5, 53.0002, 33.0112, 52.0002, 32.0112, 
580, 5, 55.0001, 33.0112, 54.0001, 32.0112, 
581, 5, 62.9996, 39.0109, 61.9997, 38.0109, 
582, 5, 60.9997, 39.0109, 59.9998, 38.0109, 
583, 5, 60.9997, 37.011, 59.9998, 36.011, 
584, 5, 62.9996, 37.011, 61.9997, 36.011, 
585, 5, 58.9999, 39.0109, 57.9999, 38.0109, 
586, 5, 57, 39.0109, 56, 38.0109, 
587, 5, 57, 37.011, 56, 36.011, 
588, 5, 58.9999, 37.011, 57.9999, 36.011, 
589, 5, 58.9999, 35.0111, 57.9999, 34.0111, 
590, 5, 57, 35.0111, 56, 34.0111, 
591, 5, 57, 33.0112, 56, 32.0112, 
592, 5, 58.9999, 33.0112, 57.9999, 32.0112, 
593, 5, 62.9996, 35.0111, 61.9997, 34.0111, 
594, 5, 60.9997, 35.0111, 59.9998, 34.0111, 
595, 5, 60.9997, 33.0112, 59.9998, 32.0112, 
596, 5, 62.9996, 33.0112, 61.9997, 32.0112, 
597, 5, 31.0013, 63.0096, 30.0014, 62.0096, 
598, 5, 29.0015, 63.0096, 28.0015, 62.0096, 
599, 5, 29.0015, 61.0097, 28.0015, 60.0097, 
600, 5, 31.0013, 61.0097, 30.0014, 60.0097, 
601, 5, 27.0016, 63.0096, 26.0016, 62.0096, 
602, 5, 25.0017, 63.0096, 24.0017, 62.0096, 
603, 5, 25.0017, 61.0097, 24.0017, 60.0097, 
604, 5, 27.0016, 61.0097, 26.0016, 60.0097, 
605, 5, 27.0016, 59.0098, 26.0016, 58.0098, 
606, 5, 25.0017, 59.0098, 24.0017, 58.0098, 
607, 5, 25.0017, 57.0099, 24.0017, 56.01, 
608, 5, 27.0016, 57.0099, 26.0016, 56.01, 
609, 5, 31.0013, 59.0098, 30.0014, 58.0098, 
610, 5, 29.0015, 59.0098, 28.0015, 58.0098, 
611, 5, 29.0015, 57.0099, 28.0015, 56.01, 
612, 5, 31.0013, 57.0099, 30.0014, 56.01, 
613, 5, 23.0018, 63.0096, 22.0018, 62.0096, 
614, 5, 21.0019, 63.0096, 20.0019, 62.0096, 
615, 5, 21.0019, 61.0097, 20.0019, 60.0097, 
616, 5, 23.0018, 61.0097, 22.0018, 60.0097, 
617, 5, 19.002, 63.0096, 18.002, 62.0096, 
618, 5, 17.0021, 63.0096, 16.0021, 62.0096, 
619, 5, 17.0021, 61.0097, 16.0021, 60.0097, 
620, 5, 19.002, 61.0097, 18.002, 60.0097, 
621, 5, 19.002, 59.0098, 18.002, 58.0098, 
622, 5, 17.0021, 59.0098, 16.0021, 58.0098, 
623, 5, 17.0021, 57.0099, 16.0021, 56.01, 
624, 5, 19.002, 57.0099, 18.002, 56.01, 
625, 5, 23.0018, 59.0098, 22.0018, 58.0098, 
626, 5, 21.0019, 59.0098, 20.0019, 58.0098, 
627, 5, 21.0019, 57.0099, 20.0019, 56.01, 
628, 5, 23.0018, 57.0099, 22.0018, 56.01, 
629, 5, 23.0018, 55.01, 22.0018, 54.0101, 
630, 5, 21.0019, 55.01, 20.0019, 54.0101, 
631, 5, 21.0019, 53.0101, 20.0019, 52.0102, 
632, 5, 23.0018, 53.0101, 22.0018, 52.0102, 
633, 5, 19.002, 55.01, 18.002, 54.0101, 
634, 5, 17.0021, 55.01, 16.0021, 54.0101, 
635, 5, 17.0021, 53.0101, 16.0021, 52.0102, 
636, 5, 19.002, 53.0101, 18.002, 52.0102, 
637, 5, 19.002, 51.0102, 18.002, 50.0103, 
638, 5, 17.0021, 51.0102, 16.0021, 50.0103, 
639, 5, 17.0021, 49.0103, 16.0021, 48.0104, 
640, 5, 19.002, 49.0103, 18.002, 48.0104, 
641, 5, 23.0018, 51.0102, 22.0018, 50.0103, 
642, 5, 21.0019, 51.0102, 20.0019, 50.0103, 
643, 5, 21.0019, 49.0103, 20.0019, 48.0104, 
644, 5, 23.0018, 49.0103, 22.0018, 48.0104, 
645, 5, 31.0013, 55.01, 30.0014, 54.0101, 
646, 5, 29.0015, 55.01, 28.0015, 54.0101, 
647, 5, 29.0015, 53.0101, 28.0015, 52.0102, 
648, 5, 31.0013, 53.0101, 30.0014, 52.0102, 
649, 5, 27.0016, 55.01, 26.0016, 54.0101, 
650, 5, 25.0017, 55.01, 24.0017, 54.0101, 
651, 5, 25.0017, 53.0101, 24.0017, 52.0102, 
652, 5, 27.0016, 53.0101, 26.0016, 52.0102, 
653, 5, 27.0016, 51.0102, 26.0016, 50.0103, 
654, 5, 25.0017, 51.0102, 24.0017, 50.0103, 
655, 5, 25.0017, 49.0103, 24.0017, 48.0104, 
656, 5, 27.0016, 49.0103, 26.0016, 48.0104, 
657, 5, 31.0013, 51.0102, 30.0014, 50.0103, 
658, 5, 29.0015, 51.0102, 28.0015, 50.0103, 
659, 5, 29.0015, 49.0103, 28.0015, 48.0104, 
660, 5, 31.0013, 49.0103, 30.0014, 48.0104, 
661, 5, 15.0022, 63.0096, 14.0023, 62.0096, 
662, 5, 13.0023, 63.0096, 12.0024, 62.0096, 
663, 5, 13.0023, 61.0097, 12.0024, 60.0097, 
664, 5, 15.0022, 61.0097, 14.0023, 60.0097, 
665, 5, 11.0024, 63.0096, 10.0025, 62.0096, 
666, 5, 9.00252, 63.0096, 8.00257, 62.0096, 
667, 5, 9.00252, 61.0097, 8.00257, 60.0097, 
668, 5, 11.0024, 61.0097, 10.0025, 60.0097, 
669, 5, 11.0024, 59.0098, 10.0025, 58.0098, 
670, 5, 9.00252, 59.0098, 8.00257, 58.0098, 
671, 5, 9.00252, 57.0099, 8.00257, 56.01, 
672, 5, 11.0024, 57.0099, 10.0025, 56.01, 
673, 5, 15.0022, 59.0098, 14.0023, 58.0098, 
674, 5, 13.0023, 59.0098, 12.0024, 58.0098, 
675, 5, 13.0023, 57.0099, 12.0024, 56.01, 
676, 5, 15.0022, 57.0099, 14.0023, 56.01, 
677, 5, 7.00263, 63.0096, 6.00268, 62.0096, 
678, 5, 5.00273, 63.0096, 4.00279, 62.0096, 
679, 5, 5.00273, 61.0097, 4.00279, 60.0097, 
680, 5, 7.00263, 61.0097, 6.00268, 60.0097, 
681, 5, 3.00284, 63.0096, 2.00289, 62.0096, 
682, 5, 1.00295, 63.0096, 0.00300017, 62.0096, 
683, 5, 1.00295, 61.0097, 0.00300017, 60.0097, 
684, 5, 3.00284, 61.0097, 2.00289, 60.0097, 
685, 5, 3.00284, 59.0098, 2.00289, 58.0098, 
686, 5, 1.00295, 59.0098, 0.00300017, 58.0098, 
687, 5, 1.00295, 57.0099, 0.00300017, 56.01, 
688, 5, 3.00284, 57.0099, 2.00289, 56.01, 
689, 5, 7.00263, 59.0098, 6.00268, 58.0098, 
690, 5, 5.00273, 59.0098, 4.00279, 58.0098, 
691, 5, 5.00273, 57.0099, 4.00279, 56.01, 
692, 5, 7.00263, 57.0099, 6.00268, 56.01, 
693, 5, 7.00263, 55.01, 6.00268, 54.0101, 
694, 5, 5.00273, 55.01, 4.00279, 54.0101, 
695, 5, 5.00273, 53.0101, 4.00279, 52.0102, 
696, 5, 7.00263, 53.0101, 6.00268, 52.0102, 
697, 5, 3.00284, 55.01, 2.00289, 54.0101, 
698, 5, 1.00295, 55.01, 0.00300017, 54.0101, 
699, 5, 1.00295, 53.0101, 0.00300017, 52.0102, 
700, 5, 3.00284, 53.0101, 2.00289, 52.0102, 
701, 5, 3.00284, 51.0102, 2.00289, 50.0103, 
702, 5, 1.00295, 51.0102, 0.00300017, 50.0103, 
703, 5, 1.00295, 49.0103, 0.00300017, 48.0104, 
704, 5, 3.00284, 49.0103, 2.00289, 48.0104, 
705, 5, 7.00263, 51.0102, 6.00268, 50.0103, 
706, 5, 5.00273, 51.0102, 4.00279, 50.0103, 
707, 5, 5.00273, 49.0103, 4.00279, 48.0104, 
708, 5, 7.00263, 49.0103, 6.00268, 48.0104, 
709, 5, 15.0022, 55.01, 14.0023, 54.0101, 
710, 5, 13.0023, 55.01, 12.0024, 54.0101, 
711, 5, 13.0023, 53.0101, 12.0024, 52.0102, 
712, 5, 15.0022, 53.0101, 14.0023, 52.0102, 
713, 5, 11.0024, 55.01, 10.0025, 54.0101, 
714, 5, 9.00252, 55.01, 8.00257, 54.0101, 
715, 5, 9.00252, 53.0101, 8.00257, 52.0102, 
716, 5, 11.0024, 53.0101, 10.0025, 52.0102, 
717, 5, 11.0024, 51.0102, 10.0025, 50.0103, 
718, 5, 9.00252, 51.0102, 8.00257, 50.0103, 
719, 5, 9.00252, 49.0103, 8.00257, 48.0104, 
720, 5, 11.0024, 49.0103, 10.0025, 48.0104, 
721, 5, 15.0022, 51.0102, 14.0023, 50.0103, 
722, 5, 13.0023, 51.0102, 12.0024, 50.0103, 
723, 5, 13.0023, 49.0103, 12.0024, 48.0104, 
724, 5, 15.0022, 49.0103, 14.0023, 48.0104, 
725, 5, 15.0022, 47.0104, 14.0023, 46.0105, 
726, 5, 13.0023, 47.0104, 12.0024, 46.0105, 
727, 5, 13.0023, 45.0105, 12.0024, 44.0106, 
728, 5, 15.0022, 45.0105, 14.0023, 44.0106, 
729, 5, 11.0024, 47.0104, 10.0025, 46.0105, 
730, 5, 9.00252, 47.0104, 8.00257, 46.0105, 
731, 5, 9.00252, 45.0105, 8.00257, 44.0106, 
732, 5, 11.0024, 45.0105, 10.0025, 44.0106, 
733, 5, 11.0024, 43.0106, 10.0025, 42.0107, 
734, 5, 9.00252, 43.0106, 8.00257, 42.0107, 
735, 5, 9.00252, 41.0108, 8.00257, 40.0108, 
736, 5, 11.0024, 41.0108, 10.0025, 40.0108, 
737, 5, 15.0022, 43.0106, 14.0023, 42.0107, 
738, 5, 13.0023, 43.0106, 12.0024, 42.0107, 
739, 5, 13.0023, 41.0108, 12.0024, 40.0108, 
740, 5, 15.0022, 41.0108, 14.0023, 40.0108, 
741, 5, 7.00263, 47.0104, 6.00268, 46.0105, 
742, 5, 5.00273, 47.0104, 4.00279, 46.0105, 
743, 5, 5.00273, 45.0105, 4.00279, 44.0106, 
744, 5, 7.00263, 45.0105, 6.00268, 44.0106, 
745, 5, 3.00284, 47.0104, 2.00289, 46.0105, 
746, 5, 1.00295, 47.0104, 0.00300017, 46.0105, 
747, 5, 1.00295, 45.0105, 0.00300017, 44.0106, 
748, 5, 3.00284, 45.0105, 2.00289, 44.0106, 
749, 5, 3.00284, 43.0106, 2.00289, 42.0107, 
750, 5, 1.00295, 43.0106, 0.00300017, 42.0107, 
751, 5, 1.00295, 41.0108, 0.00300017, 40.0108, 
752, 5, 3.00284, 41.0108, 2.00289, 40.0108, 
753, 5, 7.00263, 43.0106, 6.00268, 42.0107, 
754, 5, 5.00273, 43.0106, 4.00279, 42.0107, 
755, 5, 5.00273, 41.0108, 4.00279, 40.0108, 
756, 5, 7.00263, 41.0108, 6.00268, 40.0108, 
757, 5, 7.00263, 39.0109, 6.00268, 38.0109, 
758, 5, 5.00273, 39.0109, 4.00279, 38.0109, 
759, 5, 5.00273, 37.011, 4.00279, 36.011, 
760, 5, 7.00263, 37.011, 6.00268, 36.011, 
761, 5, 3.00284, 39.0109, 2.00289, 38.0109, 
762, 5, 1.00295, 39.0109, 0.00300017, 38.0109, 
763, 5, 1.00295, 37.011, 0.00300017, 36.011, 
764, 5, 3.00284, 37.011, 2.00289, 36.011, 
765, 5, 3.00284, 35.0111, 2.00289, 34.0111, 
766, 5, 1.00295, 35.0111, 0.00300017, 34.0111, 
767, 5, 1.00295, 33.0112, 0.00300017, 32.0112, 
768, 5, 3.00284, 33.0112, 2.00289, 32.0112, 
769, 5, 7.00263, 35.0111, 6.00268, 34.0111, 
770, 5, 5.00273, 35.0111, 4.00279, 34.0111, 
771, 5, 5.00273, 33.0112, 4.00279, 32.0112, 
772, 5, 7.00263, 33.0112, 6.00268, 32.0112, 
773, 5, 15.0022, 39.0109, 14.0023, 38.0109, 
774, 5, 13.0023, 39.0109, 12.0024, 38.0109, 
775, 5, 13.0023, 37.011, 12.0024, 36.011, 
776, 5, 15.0022, 37.011, 14.0023, 36.011, 
777, 5, 11.0024, 39.0109, 10.0025, 38.0109, 
778, 5, 9.00252, 39.0109, 8.00257, 38.0109, 
779, 5, 9.00252, 37.011, 8.00257, 36.011, 
780, 5, 11.0024, 37.011, 10.0025, 36.011, 
781, 5, 11.0024, 35.0111, 10.0025, 34.0111, 
782, 5, 9.00252, 35.0111, 8.00257, 34.0111, 
783, 5, 9.00252, 33.0112, 8.00257, 32.0112, 
784, 5, 11.0024, 33.0112, 10.0025, 32.0112, 
785, 5, 15.0022, 35.0111, 14.0023, 34.0111, 
786, 5, 13.0023, 35.0111, 12.0024, 34.0111, 
787, 5, 13.0023, 33.0112, 12.0024, 32.0112, 
788, 5, 15.0022, 33.0112, 14.0023, 32.0112, 
789, 5, 31.0013, 47.0104, 30.0014, 46.0105, 
790, 5, 29.0015, 47.0104, 28.0015, 46.0105, 
791, 5, 29.0015, 45.0105, 28.0015, 44.0106, 
792, 5, 31.0013, 45.0105, 30.0014, 44.0106, 
793, 5, 27.0016, 47.0104, 26.0016, 46.0105, 
794, 5, 25.0017, 47.0104, 24.0017, 46.0105, 
795, 5, 25.0017, 45.0105, 24.0017, 44.0106, 
796, 5, 27.0016, 45.0105, 26.0016, 44.0106, 
797, 5, 27.0016, 43.0106, 26.0016, 42.0107, 
798, 5, 25.0017, 43.0106, 24.0017, 42.0107, 
799, 5, 25.0017, 41.0108, 24.0017, 40.0108, 
800, 5, 27.0016, 41.0108, 26.0016, 40.0108, 
801, 5, 31.0013, 43.0106, 30.0014, 42.0107, 
802, 5, 29.0015, 43.0106, 28.0015, 42.0107, 
803, 5, 29.0015, 41.0108, 28.0015, 40.0108, 
804, 5, 31.0013, 41.0108, 30.0014, 40.0108, 
805, 5, 23.0018, 47.0104, 22.0018, 46.0105, 
806, 5, 21.0019, 47.0104, 20.0019, 46.0105, 
807, 5, 21.0019, 45.0105, 20.0019, 44.0106, 
808, 5, 23.0018, 45.0105, 22.0018, 44.0106, 
809, 5, 19.002, 47.0104, 18.002, 46.0105, 
810, 5, 17.0021, 47.0104, 16.0021, 46.0105, 
811, 5, 17.0021, 45.0105, 16.0021, 44.0106, 
812, 5, 19.002, 45.0105, 18.002, 44.0106, 
813, 5, 19.002, 43.0106, 18.002, 42.0107, 
814, 5, 17.0021, 43.0106, 16.0021, 42.0107, 
815, 5, 17.0021, 41.0108, 16.0021, 40.0108, 
816, 5, 19.002, 41.0108, 18.002, 40.0108, 
817, 5, 23.0018, 43.0106, 22.0018, 42.0107, 
818, 5, 21.0019, 43.0106, 20.0019, 42.0107, 
819, 5, 21.0019, 41.0108, 20.0019, 40.0108, 
820, 5, 23.0018, 41.0108, 22.0018, 40.0108, 
821, 5, 23.0018, 39.0109, 22.0018, 38.0109, 
822, 5, 21.0019, 39.0109, 20.0019, 38.0109, 
823, 5, 21.0019, 37.011, 20.0019, 36.011, 
824, 5, 23.0018, 37.011, 22.0018, 36.011, 
825, 5, 19.002, 39.0109, 18.002, 38.0109, 
826, 5, 17.0021, 39.0109, 16.0021, 38.0109, 
827, 5, 17.0021, 37.011, 16.0021, 36.011, 
828, 5, 19.002, 37.011, 18.002, 36.011, 
829, 5, 19.002, 35.0111, 18.002, 34.0111, 
830, 5, 17.0021, 35.0111, 16.0021, 34.0111, 
831, 5, 17.0021, 33.0112, 16.0021, 32.0112, 
832, 5, 19.002, 33.0112, 18.002, 32.0112, 
833, 5, 23.0018, 35.0111, 22.0018, 34.0111, 
834, 5, 21.0019, 35.0111, 20.0019, 34.0111, 
835, 5, 21.0019, 33.0112, 20.0019, 32.0112, 
836, 5, 23.0018, 33.0112, 22.0018, 32.0112, 
837, 5, 31.0013, 39.0109, 30.0014, 38.0109, 
838, 5, 29.0015, 39.0109, 28.0015, 38.0109, 
839, 5, 29.0015, 37.011, 28.0015, 36.011, 
840, 5, 31.0013, 37.011, 30.0014, 36.011, 
841, 5, 27.0016, 39.0109, 26.0016, 38.0109, 
842, 5, 25.0017, 39.0109, 24.0017, 38.0109, 
843, 5, 25.0017, 37.011, 24.0017, 36.011, 
844, 5, 27.0016, 37.011, 26.0016, 36.011, 
845, 5, 27.0016, 35.0111, 26.0016, 34.0111, 
846, 5, 25.0017, 35.0111, 24.0017, 34.0111, 
847, 5, 25.0017, 33.0112, 24.0017, 32.0112, 
848, 5, 27.0016, 33.0112, 26.0016, 32.0112, 
849, 5, 31.0013, 35.0111, 30.0014, 34.0111, 
850, 5, 29.0015, 35.0111, 28.0015, 34.0111, 
851, 5, 29.0015, 33.0112, 28.0015, 32.0112, 
852, 5, 31.0013, 33.0112, 30.0014, 32.0112, 
853, 5, 31.0013, 31.0113, 30.0014, 30.0113, 
854, 5, 29.0015, 31.0113, 28.0015, 30.0113, 
855, 5, 29.0015, 29.0114, 28.0015, 28.0114, 
856, 5, 31.0013, 29.0114, 30.0014, 28.0114, 
857, 5, 27.0016, 31.0113, 26.0016, 30.0113, 
858, 5, 25.0017, 31.0113, 24.0017, 30.0113, 
859, 5, 25.0017, 29.0114, 24.0017, 28.0114, 
860, 5, 27.0016, 29.0114, 26.0016, 28.0114, 
861, 5, 27.0016, 27.0115, 26.0016, 26.0116, 
862, 5, 25.0017, 27.0115, 24.0017, 26.0116, 
863, 5, 25.0017, 25.0116, 24.0017, 24.0117, 
864, 5, 27.0016, 25.0116, 26.0016, 24.0117, 
865, 5, 31.0013, 27.0115, 30.0014, 26.0116, 
866, 5, 29.0015, 27.0115, 28.0015, 26.0116, 
867, 5, 29.0015, 25.0116, 28.0015, 24.0117, 
868, 5, 31.0013, 25.0116, 30.0014, 24.0117, 
869, 5, 23.0018, 31.0113, 22.0018, 30.0113, 
870, 5, 21.0019, 31.0113, 20.0019, 30.0113, 
871, 5, 21.0019, 29.0114, 20.0019, 28.0114, 
872, 5, 23.0018, 29.0114, 22.0018, 28.0114, 
873, 5, 19.002, 31.0113, 18.002, 30.0113, 
874, 5, 17.0021, 31.0113, 16.0021, 30.0113, 
875, 5, 17.0021, 29.0114, 16.0021, 28.0114, 
876, 5, 19.002, 29.0114, 18.002, 28.0114, 
877, 5, 19.002, 27.0115, 18.002, 26.0116, 
878, 5, 17.0021, 27.0115, 16.0021, 26.0116, 
879, 5, 17.0021, 25.0116, 16.0021, 24.0117, 
880, 5, 19.002, 25.0116, 18.002, 24.0117, 
881, 5, 23.0018, 27.0115, 22.0018, 26.0116, 
882, 5, 21.0019, 27.0115, 20.0019, 26.0116, 
883, 5, 21.0019, 25.0116, 20.0019, 24.0117, 
884, 5, 23.0018, 25.0116, 22.0018, 24.0117, 
885, 5, 23.0018, 23.0117, 22.0018, 22.0118, 
886, 5, 21.0019, 23.0117, 20.0019, 22.0118, 
887, 5, 21.0019, 21.0118, 20.0019, 20.0119, 
888, 5, 23.0018, 21.0118, 22.0018, 20.0119, 
889, 5, 19.002, 23.0117, 18.002, 22.0118, 
890, 5, 17.0021, 23.0117, 16.0021, 22.0118, 
891, 5, 17.0021, 21.0118, 16.0021, 20.0119, 
892, 5, 19.002, 21.0118, 18.002, 20.0119, 
893, 5, 19.002, 19.0119, 18.002, 18.012, 
894, 5, 17.0021, 19.0119, 16.0021, 18.012, 
895, 5, 17.0021, 17.012, 16.0021, 16.0121, 
896, 5, 19.002, 17.012, 18.002, 16.0121, 
897, 5, 23.0018, 19.0119, 22.0018, 18.012, 
898, 5, 21.0019, 19.0119, 20.0019, 18.012, 
899, 5, 21.0019, 17.012, 20.0019, 16.0121, 
900, 5, 23.0018, 17.012, 22.0018, 16.0121, 
901, 5, 31.0013, 23.0117, 30.0014, 22.0118, 
902, 5, 29.0015, 23.0117, 28.0015, 22.0118, 
903, 5, 29.0015, 21.0118, 28.0015, 20.0119, 
904, 5, 31.0013, 21.0118, 30.0014, 20.0119, 
905, 5, 27.0016, 23.0117, 26.0016, 22.0118, 
906, 5, 25.0017, 23.0117, 24.0017, 22.0118, 
907, 5, 25.0017, 21.0118, 24.0017, 20.0119, 
908, 5, 27.0016, 21.0118, 26.0016, 20.0119, 
909, 5, 27.0016, 19.0119, 26.0016, 18.012, 
910, 5, 25.0017, 19.0119, 24.0017, 18.012, 
911, 5, 25.0017, 17.012, 24.0017, 16.0121, 
912, 5, 27.0016, 17.012, 26.0016, 16.0121, 
913, 5, 31.0013, 19.0119, 30.0014, 18.012, 
914, 5, 29.0015, 19.0119, 28.0015, 18.012, 
915, 5, 29.0015, 17.012, 28.0015, 16.0121, 
916, 5, 31.0013, 17.012, 30.0014, 16.0121, 
917, 5, 15.0022, 31.0113, 14.0023, 30.0113, 
918, 5, 13.0023, 31.0113, 12.0024, 30.0113, 
919, 5, 13.0023, 29.0114, 12.0024, 28.0114, 
920, 5, 15.0022, 29.0114, 14.0023, 28.0114, 
921, 5, 11.0024, 31.0113, 10.0025, 30.0113, 
922, 5, 9.00252, 31.0113, 8.00257, 30.0113, 
923, 5, 9.00252, 29.0114, 8.00257, 28.0114, 
924, 5, 11.0024, 29.0114, 10.0025, 28.0114, 
925, 5, 11.0024, 27.0115, 10.0025, 26.0116, 
926, 5, 9.00252, 27.0115, 8.00257, 26.0116, 
927, 5, 9.00252, 25.0116, 8.00257, 24.0117, 
928, 5, 11.0024, 25.0116, 10.0025, 24.0117, 
929, 5, 15.0022, 27.0115, 14.0023, 26.0116, 
930, 5, 13.0023, 27.0115, 12.0024, 26.0116, 
931, 5, 13.0023, 25.0116, 12.0024, 24.0117, 
932, 5, 15.0022, 25.0116, 14.0023, 24.0117, 
933, 5, 7.00263, 31.0113, 6.00268, 30.0113, 
934, 5, 5.00273, 31.0113, 4.00279, 30.0113, 
935, 5, 5.00273, 29.0114, 4.00279, 28.0114, 
936, 5, 7.00263, 29.0114, 6.00268, 28.0114, 
937, 5, 3.00284, 31.0113, 2.00289, 30.0113, 
938, 5, 1.00295, 31.0113, 0.00300017, 30.0113, 
939, 5, 1.00295, 29.0114, 0.00300017, 28.0114, 
940, 5, 3.00284, 29.0114, 2.00289, 28.0114, 
941, 5, 3.00284, 27.0115, 2.00289, 26.0116, 
942, 5, 1.00295, 27.0115, 0.00300017, 26.0116, 
943, 5, 1.00295, 25.0116, 0.00300017, 24.0117, 
944, 5, 3.00284, 25.0116, 2.00289, 24.0117, 
945, 5, 7.00263, 27.0115, 6.00268, 26.0116, 
946, 5, 5.00273, 27.0115, 4.00279, 26.0116, 
947, 5, 5.00273, 25.0116, 4.00279, 24.0117, 
948, 5, 7.00263, 25.0116, 6.00268, 24.0117, 
949, 5, 7.00263, 23.0117, 6.00268, 22.0118, 
950, 5, 5.00273, 23.0117, 4.00279, 22.0118, 
951, 5, 5.00273, 21.0118, 4.00279, 20.0119, 
952, 5, 7.00263, 21.0118, 6.00268, 20.0119, 
953, 5, 3.00284, 23.0117, 2.00289, 22.0118, 
954, 5, 1.00295, 23.0117, 0.00300017, 22.0118, 
955, 5, 1.00295, 21.0118, 0.00300017, 20.0119, 
956, 5, 3.00284, 21.0118, 2.00289, 20.0119, 
957, 5, 3.00284, 19.0119, 2.00289, 18.012, 
958, 5, 1.00295, 19.0119, 0.00300017, 18.012, 
959, 5, 1.00295, 17.012, 0.00300017, 16.0121, 
960, 5, 3.00284, 17.012, 2.00289, 16.0121, 
961, 5, 7.00263, 19.0119, 6.00268, 18.012, 
962, 5, 5.00273, 19.0119, 4.00279, 18.012, 
963, 5, 5.00273, 17.012, 4.00279, 16.0121, 
964, 5, 7.00263, 17.012, 6.00268, 16.0121, 
965, 5, 15.0022, 23.0117, 14.0023, 22.0118, 
966, 5, 13.0023, 23.0117, 12.0024, 22.0118, 
967, 5, 13.0023, 21.0118, 12.0024, 20.0119, 
968, 5, 15.0022, 21.0118, 14.0023, 20.0119, 
969, 5, 11.0024, 23.0117, 10.0025, 22.0118, 
970, 5, 9.00252, 23.0117, 8.00257, 22.0118, 
971, 5, 9.00252, 21.0118, 8.00257, 20.0119, 
972, 5, 11.0024, 21.0118, 10.0025, 20.0119, 
973, 5, 11.0024, 19.0119, 10.0025, 18.012, 
974, 5, 9.00252, 19.0119, 8.00257, 18.012, 
975, 5, 9.00252, 17.012, 8.00257, 16.0121, 
976, 5, 11.0024, 17.012, 10.0025, 16.0121, 
977, 5, 15.0022, 19.0119, 14.0023, 18.012, 
978, 5, 13.0023, 19.0119, 12.0024, 18.012, 
979, 5, 13.0023, 17.012, 12.0024, 16.0121, 
980, 5, 15.0022, 17.012, 14.0023, 16.0121, 
981, 5, 15.0022, 15.0121, 14.0023, 14.0122, 
982, 5, 13.0023, 15.0121, 12.0024, 14.0122, 
983, 5, 13.0023, 13.0122, 12.0024, 12.0123, 
984, 5, 15.0022, 13.0122, 14.0023, 12.0123, 
985, 5, 11.0024, 15.0121, 10.0025, 14.0122, 
986, 5, 9.00252, 15.0121, 8.00257, 14.0122, 
987, 5, 9.00252, 13.0122, 8.00257, 12.0123, 
988, 5, 11.0024, 13.0122, 10.0025, 12.0123, 
989, 5, 11.0024, 11.0124, 10.0025, 10.0124, 
990, 5, 9.00252, 11.0124, 8.00257, 10.0124, 
991, 5, 9.00252, 9.01246, 8.00257, 8.01251, 
992, 5, 11.0024, 9.01246, 10.0025, 8.01251, 
993, 5, 15.0022, 11.0124, 14.0023, 10.0124, 
994, 5, 13.0023, 11.0124, 12.0024, 10.0124, 
995, 5, 13.0023, 9.01246, 12.0024, 8.01251, 
996, 5, 15.0022, 9.01246, 14.0023, 8.01251, 
997, 5, 7.00263, 15.0121, 6.00268, 14.0122, 
998, 5, 5.00273, 15.0121, 4.00279, 14.0122, 
999, 5, 5.00273, 13.0122, 4.00279, 12.0123, 
1000, 5, 7.00263, 13.0122, 6.00268, 12.0123, 
1001, 5, 3.00284, 15.0121, 2.00289, 14.0122, 
1002, 5, 1.00295, 15.0121, 0.00300017, 14.0122, 
1003, 5, 1.00295, 13.0122, 0.00300017, 12.0123, 
1004, 5, 3.00284, 13.0122, 2.00289, 12.0123, 
1005, 5, 3.00284, 11.0124, 2.00289, 10.0124, 
1006, 5, 1.00295, 11.0124, 0.00300017, 10.0124, 
1007, 5, 1.00295, 9.01246, 0.00300017, 8.01251, 
1008, 5, 3.00284, 9.01246, 2.00289, 8.01251, 
1009, 5, 7.00263, 11.0124, 6.00268, 10.0124, 
1010, 5, 5.00273, 11.0124, 4.00279, 10.0124, 
1011, 5, 5.00273, 9.01246, 4.00279, 8.01251, 
1012, 5, 7.00263, 9.01246, 6.00268, 8.01251, 
1013, 5, 7.00263, 7.01257, 6.00268, 6.01262, 
1014, 5, 5.00273, 7.01257, 4.00279, 6.01262, 
1015, 5, 5.00273, 5.01267, 4.00279, 4.01273, 
1016, 5, 7.00263, 5.01267, 6.00268, 4.01273, 
1017, 5, 3.00284, 7.01257, 2.00289, 6.01262, 
1018, 5, 1.00295, 7.01257, 0.00300017, 6.01262, 
1019, 5, 1.00295, 5.01267, 0.00300017, 4.01273, 
1020, 5, 3.00284, 5.01267, 2.00289, 4.01273, 
1021, 5, 3.00284, 3.01278, 2.00289, 2.01283, 
1022, 5, 1.00295, 3.01278, 0.00300017, 2.01283, 
1023, 5, 1.00295, 1.01289, 0.00300017, 0.0129403, 
1024, 5, 3.00284, 1.01289, 2.00289, 0.0129403, 
1025, 5, 7.00263, 3.01278, 6.00268, 2.01283, 
1026, 5, 5.00273, 3.01278, 4.00279, 2.01283, 
1027, 5, 5.00273, 1.01289, 4.00279, 0.0129403, 
1028, 5, 7.00263, 1.01289, 6.00268, 0.0129403, 
1029, 5, 15.0022, 7.01257, 14.0023, 6.01262, 
1030, 5, 13.0023, 7.01257, 12.0024, 6.01262, 
1031, 5, 13.0023, 5.01267, 12.0024, 4.01273, 
1032, 5, 15.0022, 5.01267, 14.0023, 4.01273, 
1033, 5, 11.0024, 7.01257, 10.0025, 6.01262, 
1034, 5, 9.00252, 7.01257, 8.00257, 6.01262, 
1035, 5, 9.00252, 5.01267, 8.00257, 4.01273, 
1036, 5, 11.0024, 5.01267, 10.0025, 4.01273, 
1037, 5, 11.0024, 3.01278, 10.0025, 2.01283, 
1038, 5, 9.00252, 3.01278, 8.00257, 2.01283, 
1039, 5, 9.00252, 1.01289, 8.00257, 0.0129403, 
1040, 5, 11.0024, 1.01289, 10.0025, 0.0129403, 
1041, 5, 15.0022, 3.01278, 14.0023, 2.01283, 
1042, 5, 13.0023, 3.01278, 12.0024, 2.01283, 
1043, 5, 13.0023, 1.01289, 12.0024, 0.0129403, 
1044, 5, 15.0022, 1.01289, 14.0023, 0.0129403, 
1045, 5, 31.0013, 15.0121, 30.0014, 14.0122, 
1046, 5, 29.0015, 15.0121, 28.0015, 14.0122, 
1047, 5, 29.0015, 13.0122, 28.0015, 12.0123, 
1048, 5, 31.0013, 13.0122, 30.0014, 12.0123, 
1049, 5, 27.0016, 15.0121, 26.0016, 14.0122, 
1050, 5, 25.0017, 15.0121, 24.0017, 14.0122, 
1051, 5, 25.0017, 13.0122, 24.0017, 12.0123, 
1052, 5, 27.0016, 13.0122, 26.0016, 12.0123, 
1053, 5, 27.0016, 11.0124, 26.0016, 10.0124, 
1054, 5, 25.0017, 11.0124, 24.0017, 10.0124, 
1055, 5, 25.0017, 9.01246, 24.0017, 8.01251, 
1056, 5, 27.0016, 9.01246, 26.0016, 8.01251, 
1057, 5, 31.0013, 11.0124, 30.0014, 10.0124, 
1058, 5, 29.0015, 11.0124, 28.0015, 10.0124, 
1059, 5, 29.0015, 9.01246, 28.0015, 8.01251, 
1060, 5, 31.0013, 9.01246, 30.0014, 8.01251, 
1061, 5, 23.0018, 15.0121, 22.0018, 14.0122, 
1062, 5, 21.0019, 15.0121, 20.0019, 14.0122, 
1063, 5, 21.0019, 13.0122, 20.0019, 12.0123, 
1064, 5, 23.0018, 13.0122, 22.0018, 12.0123, 
1065, 5, 19.002, 15.0121, 18.002, 14.0122, 
1066, 5, 17.0021, 15.0121, 16.0021, 14.0122, 
1067, 5, 17.0021, 13.0122, 16.0021, 12.0123, 
1068, 5, 19.002, 13.0122, 18.002, 12.0123, 
1069, 5, 19.002, 11.0124, 18.002, 10.0124, 
1070, 5, 17.0021, 11.0124, 16.0021, 10.0124, 
1071, 5, 17.0021, 9.01246, 16.0021, 8.01251, 
1072, 5, 19.002, 9.01246, 18.002, 8.01251, 
1073, 5, 23.0018, 11.0124, 22.0018, 10.0124, 
1074, 5, 21.0019, 11.0124, 20.0019, 10.0124, 
1075, 5, 21.0019, 9.01246, 20.0019, 8.01251, 
1076, 5, 23.0018, 9.01246, 22.0018, 8.01251, 
1077, 5, 23.0018, 7.01257, 22.0018, 6.01262, 
1078, 5, 21.0019, 7.01257, 20.0019, 6.01262, 
1079, 5, 21.0019, 5.01267, 20.0019, 4.01273, 
1080, 5, 23.0018, 5.01267, 22.0018, 4.01273, 
1081, 5, 19.002, 7.01257, 18.002, 6.01262, 
1082, 5, 17.0021, 7.01257, 16.0021, 6.01262, 
1083, 5, 17.0021, 5.01267, 16.0021, 4.01273, 
1084, 5, 19.002, 5.01267, 18.002, 4.01273, 
1085, 5, 19.002, 3.01278, 18.002, 2.01283, 
1086, 5, 17.0021, 3.01278, 16.0021, 2.01283, 
1087, 5, 17.0021, 1.01289, 16.0021, 0.0129403, 
1088, 5, 19.002, 1.01289, 18.002, 0.0129403, 
1089, 5, 23.0018, 3.01278, 22.0018, 2.01283, 
1090, 5, 21.0019, 3.01278, 20.0019, 2.01283, 
1091, 5, 21.0019, 1.01289, 20.0019, 0.0129403, 
1092, 5, 23.0018, 1.01289, 22.0018, 0.0129403, 
1093, 5, 31.0013, 7.01257, 30.0014, 6.01262, 
1094, 5, 29.0015, 7.01257, 28.0015, 6.01262, 
1095, 5, 29.0015, 5.01267, 28.0015, 4.01273, 
1096, 5, 31.0013, 5.01267, 30.0014, 4.01273, 
1097, 5, 27.0016, 7.01257, 26.0016, 6.01262, 
1098, 5, 25.0017, 7.01257, 24.0017, 6.01262, 
1099, 5, 25.0017, 5.01267, 24.0017, 4.01273, 
1100, 5, 27.0016, 5.01267, 26.0016, 4.01273, 
1101, 5, 27.0016, 3.01278, 26.0016, 2.01283, 
1102, 5, 25.0017, 3.01278, 24.0017, 2.01283, 
1103, 5, 25.0017, 1.01289, 24.0017, 0.0129403, 
1104, 5, 27.0016, 1.01289, 26.0016, 0.0129403, 
1105, 5, 31.0013, 3.01278, 30.0014, 2.01283, 
1106, 5, 29.0015, 3.01278, 28.0015, 2.01283, 
1107, 5, 29.0015, 1.01289, 28.0015, 0.0129403, 
1108, 5, 31.0013, 1.01289, 30.0014, 0.0129403, 
1109, 5, 62.9996, 31.0113, 61.9997, 30.0113, 
1110, 5, 60.9997, 31.0113, 59.9998, 30.0113, 
1111, 5, 60.9997, 29.0114, 59.9998, 28.0114, 
1112, 5, 62.9996, 29.0114, 61.9997, 28.0114, 
1113, 5, 58.9999, 31.0113, 57.9999, 30.0113, 
1114, 5, 57, 31.0113, 56, 30.0113, 
1115, 5, 57, 29.0114, 56, 28.0114, 
1116, 5, 58.9999, 29.0114, 57.9999, 28.0114, 
1117, 5, 58.9999, 27.0115, 57.9999, 26.0116, 
1118, 5, 57, 27.0115, 56, 26.0116, 
1119, 5, 57, 25.0116, 56, 24.0117, 
1120, 5, 58.9999, 25.0116, 57.9999, 24.0117, 
1121, 5, 62.9996, 27.0115, 61.9997, 26.0116, 
1122, 5, 60.9997, 27.0115, 59.9998, 26.0116, 
1123, 5, 60.9997, 25.0116, 59.9998, 24.0117, 
1124, 5, 62.9996, 25.0116, 61.9997, 24.0117, 
1125, 5, 55.0001, 31.0113, 54.0001, 30.0113, 
1126, 5, 53.0002, 31.0113, 52.0002, 30.0113, 
1127, 5, 53.0002, 29.0114, 52.0002, 28.0114, 
1128, 5, 55.0001, 29.0114, 54.0001, 28.0114, 
1129, 5, 51.0003, 31.0113, 50.0003, 30.0113, 
1130, 5, 49.0004, 31.0113, 48.0004, 30.0113, 
1131, 5, 49.0004, 29.0114, 48.0004, 28.0114, 
1132, 5, 51.0003, 29.0114, 50.0003, 28.0114, 
1133, 5, 51.0003, 27.0115, 50.0003, 26.0116, 
1134, 5, 49.0004, 27.0115, 48.0004, 26.0116, 
1135, 5, 49.0004, 25.0116, 48.0004, 24.0117, 
1136, 5, 51.0003, 25.0116, 50.0003, 24.0117, 
1137, 5, 55.0001, 27.0115, 54.0001, 26.0116, 
1138, 5, 53.0002, 27.0115, 52.0002, 26.0116, 
1139, 5, 53.0002, 25.0116, 52.0002, 24.0117, 
1140, 5, 55.0001, 25.0116, 54.0001, 24.0117, 
1141, 5, 55.0001, 23.0117, 54.0001, 22.0118, 
1142, 5, 53.0002, 23.0117, 52.0002, 22.0118, 
1143, 5, 53.0002, 21.0118, 52.0002, 20.0119, 
1144, 5, 55.0001, 21.0118, 54.0001, 20.0119, 
1145, 5, 51.0003, 23.0117, 50.0003, 22.0118, 
1146, 5, 49.0004, 23.0117, 48.0004, 22.0118, 
1147, 5, 49.0004, 21.0118, 48.0004, 20.0119, 
1148, 5, 51.0003, 21.0118, 50.0003, 20.0119, 
1149, 5, 51.0003, 19.0119, 50.0003, 18.012, 
1150, 5, 49.0004, 19.0119, 48.0004, 18.012, 
1151, 5, 49.0004, 17.012, 48.0004, 16.0121, 
1152, 5, 51.0003, 17.012, 50.0003, 16.0121, 
1153, 5, 55.0001, 19.0119, 54.0001, 18.012, 
1154, 5, 53.0002, 19.0119, 52.0002, 18.012, 
1155, 5, 53.0002, 17.012, 52.0002, 16.0121, 
1156, 5, 55.0001, 17.012, 54.0001, 16.0121, 
1157, 5, 62.9996, 23.0117, 61.9997, 22.0118, 
1158, 5, 60.9997, 23.0117, 59.9998, 22.0118, 
1159, 5, 60.9997, 21.0118, 59.9998, 20.0119, 
1160, 5, 62.9996, 21.0118, 61.9997, 20.0119, 
1161, 5, 58.9999, 23.0117, 57.9999, 22.0118, 
1162, 5, 57, 23.0117, 56, 22.0118, 
1163, 5, 57, 21.0118, 56, 20.0119, 
1164, 5, 58.9999, 21.0118, 57.9999, 20.0119, 
1165, 5, 58.9999, 19.0119, 57.9999, 18.012, 
1166, 5, 57, 19.0119, 56, 18.012, 
1167, 5, 57, 17.012, 56, 16.0121, 
1168, 5, 58.9999, 17.012, 57.9999, 16.0121, 
1169, 5, 62.9996, 19.0119, 61.9997, 18.012, 
1170, 5, 60.9997, 19.0119, 59.9998, 18.012, 
1171, 5, 60.9997, 17.012, 59.9998, 16.0121, 
1172, 5, 62.9996, 17.012, 61.9997, 16.0121, 
1173, 5, 47.0005, 31.0113, 46.0005, 30.0113, 
1174, 5, 45.0006, 31.0113, 44.0007, 30.0113, 
1175, 5, 45.0006, 29.0114, 44.0007, 28.0114, 
1176, 5, 47.0005, 29.0114, 46.0005, 28.0114, 
1177, 5, 43.0007, 31.0113, 42.0008, 30.0113, 
1178, 5, 41.0008, 31.0113, 40.0009, 30.0113, 
1179, 5, 41.0008, 29.0114, 40.0009, 28.0114, 
1180, 5, 43.0007, 29.0114, 42.0008, 28.0114, 
1181, 5, 43.0007, 27.0115, 42.0008, 26.0116, 
1182, 5, 41.0008, 27.0115, 40.0009, 26.0116, 
1183, 5, 41.0008, 25.0116, 40.0009, 24.0117, 
1184, 5, 43.0007, 25.0116, 42.0008, 24.0117, 
1185, 5, 47.0005, 27.0115, 46.0005, 26.0116, 
1186, 5, 45.0006, 27.0115, 44.0007, 26.0116, 
1187, 5, 45.0006, 25.0116, 44.0007, 24.0117, 
1188, 5, 47.0005, 25.0116, 46.0005, 24.0117, 
1189, 5, 39.0009, 31.0113, 38.001, 30.0113, 
1190, 5, 37.001, 31.0113, 36.0011, 30.0113, 
1191, 5, 37.001, 29.0114, 36.0011, 28.0114, 
1192, 5, 39.0009, 29.0114, 38.001, 28.0114, 
1193, 5, 35.0011, 31.0113, 34.0012, 30.0113, 
1194, 5, 33.0012, 31.0113, 32.0013, 30.0113, 
1195, 5, 33.0012, 29.0114, 32.0013, 28.0114, 
1196, 5, 35.0011, 29.0114, 34.0012, 28.0114, 
1197, 5, 35.0011, 27.0115, 34.0012, 26.0116, 
1198, 5, 33.0012, 27.0115, 32.0013, 26.0116, 
1199, 5, 33.0012, 25.0116, 32.0013, 24.0117, 
1200, 5, 35.0011, 25.0116, 34.0012, 24.0117, 
1201, 5, 39.0009, 27.0115, 38.001, 26.0116, 
1202, 5, 37.001, 27.0115, 36.0011, 26.0116, 
1203, 5, 37.001, 25.0116, 36.0011, 24.0117, 
1204, 5, 39.0009, 25.0116, 38.001, 24.0117, 
1205, 5, 39.0009, 23.0117, 38.001, 22.0118, 
1206, 5, 37.001, 23.0117, 36.0011, 22.0118, 
1207, 5, 37.001, 21.0118, 36.0011, 20.0119, 
1208, 5, 39.0009, 21.0118, 38.001, 20.0119, 
1209, 5, 35.0011, 23.0117, 34.0012, 22.0118, 
1210, 5, 33.0012, 23.0117, 32.0013, 22.0118, 
1211, 5, 33.0012, 21.0118, 32.0013, 20.0119, 
1212, 5, 35.0011, 21.0118, 34.0012, 20.0119, 
1213, 5, 35.0011, 19.0119, 34.0012, 18.012, 
1214, 5, 33.0012, 19.0119, 32.0013, 18.012, 
1215, 5, 33.0012, 17.012, 32.0013, 16.0121, 
1216, 5, 35.0011, 17.012, 34.0012, 16.0121, 
1217, 5, 39.0009, 19.0119, 38.001, 18.012, 
1218, 5, 37.001, 19.0119, 36.0011, 18.012, 
1219, 5, 37.001, 17.012, 36.0011, 16.0121, 
1220, 5, 39.0009, 17.012, 38.001, 16.0121, 
1221, 5, 47.0005, 23.0117, 46.0005, 22.0118, 
1222, 5, 45.0006, 23.0117, 44.0007, 22.0118, 
1223, 5, 45.0006, 21.0118, 44.0007, 20.0119, 
1224, 5, 47.0005, 21.0118, 46.0005, 20.0119, 
1225, 5, 43.0007, 23.0117, 42.0008, 22.0118, 
1226, 5, 41.0008, 23.0117, 40.0009, 22.0118, 
1227, 5, 41.0008, 21.0118, 40.0009, 20.0119, 
1228, 5, 43.0007, 21.0118, 42.0008, 20.0119, 
1229, 5, 43.0007, 19.0119, 42.0008, 18.012, 
1230, 5, 41.0008, 19.0119, 40.0009, 18.012, 
1231, 5, 41.0008, 17.012, 40.0009, 16.0121, 
1232, 5, 43.0007, 17.012, 42.0008, 16.0121, 
1233, 5, 47.0005, 19.0119, 46.0005, 18.012, 
1234, 5, 45.0006, 19.0119, 44.0007, 18.012, 
1235, 5, 45.0006, 17.012, 44.0007, 16.0121, 
1236, 5, 47.0005, 17.012, 46.0005, 16.0121, 
1237, 5, 47.0005, 15.0121, 46.0005, 14.0122, 
1238, 5, 45.0006, 15.0121, 44.0007, 14.0122, 
1239, 5, 45.0006, 13.0122, 44.0007, 12.0123, 
1240, 5, 47.0005, 13.0122, 46.0005, 12.0123, 
1241, 5, 43.0007, 15.0121, 42.0008, 14.0122, 
1242, 5, 41.0008, 15.0121, 40.0009, 14.0122, 
1243, 5, 41.0008, 13.0122, 40.0009, 12.0123, 
1244, 5, 43.0007, 13.0122, 42.0008, 12.0123, 
1245, 5, 43.0007, 11.0124, 42.0008, 10.0124, 
1246, 5, 41.0008, 11.0124, 40.0009, 10.0124, 
1247, 5, 41.0008, 9.01246, 40.0009, 8.01251, 
1248, 5, 43.0007, 9.01246, 42.0008, 8.01251, 
1249, 5, 47.0005, 11.0124, 46.0005, 10.0124, 
1250, 5, 45.0006, 11.0124, 44.0007, 10.0124, 
1251, 5, 45.0006, 9.01246, 44.0007, 8.01251, 
1252, 5, 47.0005, 9.01246, 46.0005, 8.01251, 
1253, 5, 39.0009, 15.0121, 38.001, 14.0122, 
1254, 5, 37.001, 15.0121, 36.0011, 14.0122, 
1255, 5, 37.001, 13.0122, 36.0011, 12.0123, 
1256, 5, 39.0009, 13.0122, 38.001, 12.0123, 
1257, 5, 35.0011, 15.0121, 34.0012, 14.0122, 
1258, 5, 33.0012, 15.0121, 32.0013, 14.0122, 
1259, 5, 33.0012, 13.0122, 32.0013, 12.0123, 
1260, 5, 35.0011, 13.0122, 34.0012, 12.0123, 
1261, 5, 35.0011, 11.0124, 34.0012, 10.0124, 
1262, 5, 33.0012, 11.0124, 32.0013, 10.0124, 
1263, 5, 33.0012, 9.01246, 32.0013, 8.01251, 
1264, 5, 35.0011, 9.01246, 34.0012, 8.01251, 
1265, 5, 39.0009, 11.0124, 38.001, 10.0124, 
1266, 5, 37.001, 11.0124, 36.0011, 10.0124, 
1267, 5, 37.001, 9.01246, 36.0011, 8.01251, 
1268, 5, 39.0009, 9.01246, 38.001, 8.01251, 
1269, 5, 39.0009, 7.01257, 38.001, 6.01262, 
1270, 5, 37.001, 7.01257, 36.0011, 6.01262, 
1271, 5, 37.001, 5.01267, 36.0011, 4.01273, 
1272, 5, 39.0009, 5.01267, 38.001, 4.01273, 
1273, 5, 35.0011, 7.01257, 34.0012, 6.01262, 
1274, 5, 33.0012, 7.01257, 32.0013, 6.01262, 
1275, 5, 33.0012, 5.01267, 32.0013, 4.01273, 
1276, 5, 35.0011, 5.01267, 34.0012, 4.01273, 
1277, 5, 35.0011, 3.01278, 34.0012, 2.01283, 
1278, 5, 33.0012, 3.01278, 32.0013, 2.01283, 
1279, 5, 33.0012, 1.01289, 32.0013, 0.0129403, 
1280, 5, 35.0011, 1.01289, 34.0012, 0.0129403, 
1281, 5, 39.0009, 3.01278, 38.001, 2.01283, 
1282, 5, 37.001, 3.01278, 36.0011, 2.01283, 
1283, 5, 37.001, 1.01289, 36.0011, 0.0129403, 
1284, 5, 39.0009, 1.01289, 38.001, 0.0129403, 
1285, 5, 47.0005, 7.01257, 46.0005, 6.01262, 
1286, 5, 45.0006, 7.01257, 44.0007, 6.01262, 
1287, 5, 45.0006, 5.01267, 44.0007, 4.01273, 
1288, 5, 47.0005, 5.01267, 46.0005, 4.01273, 
1289, 5, 43.0007, 7.01257, 42.0008, 6.01262, 
1290, 5, 41.0008, 7.01257, 40.0009, 6.01262, 
1291, 5, 41.0008, 5.01267, 40.0009, 4.01273, 
1292, 5, 43.0007, 5.01267, 42.0008, 4.01273, 
1293, 5, 43.0007, 3.01278, 42.0008, 2.01283, 
1294, 5, 41.0008, 3.01278, 40.0009, 2.01283, 
1295, 5, 41.0008, 1.01289, 40.0009, 0.0129403, 
1296, 5, 43.0007, 1.01289, 42.0008, 0.0129403, 
1297, 5, 47.0005, 3.01278, 46.0005, 2.01283, 
1298, 5, 45.0006, 3.01278, 44.0007, 2.01283, 
1299, 5, 45.0006, 1.01289, 44.0007, 0.0129403, 
1300, 5, 47.0005, 1.01289, 46.0005, 0.0129403, 
1301, 5, 62.9996, 15.0121, 61.9997, 14.0122, 
1302, 5, 60.9997, 15.0121, 59.9998, 14.0122, 
1303, 5, 60.9997, 13.0122, 59.9998, 12.0123, 
1304, 5, 62.9996, 13.0122, 61.9997, 12.0123, 
1305, 5, 58.9999, 15.0121, 57.9999, 14.0122, 
1306, 5, 57, 15.0121, 56, 14.0122, 
1307, 5, 57, 13.0122, 56, 12.0123, 
1308, 5, 58.9999, 13.0122, 57.9999, 12.0123, 
1309, 5, 58.9999, 11.0124, 57.9999, 10.0124, 
1310, 5, 57, 11.0124, 56, 10.0124, 
1311, 5, 57, 9.01246, 56, 8.01251, 
1312, 5, 58.9999, 9.01246, 57.9999, 8.01251, 
1313, 5, 62.9996, 11.0124, 61.9997, 10.0124, 
1314, 5, 60.9997, 11.0124, 59.9998, 10.0124, 
1315, 5, 60.9997, 9.01246, 59.9998, 8.01251, 
1316, 5, 62.9996, 9.01246, 61.9997, 8.01251, 
1317, 5, 55.0001, 15.0121, 54.0001, 14.0122, 
1318, 5, 53.0002, 15.0121, 52.0002, 14.0122, 
1319, 5, 53.0002, 13.0122, 52.0002, 12.0123, 
1320, 5, 55.0001, 13.0122, 54.0001, 12.0123, 
1321, 5, 51.0003, 15.0121, 50.0003, 14.0122, 
1322, 5, 49.0004, 15.0121, 48.0004, 14.0122, 
1323, 5, 49.0004, 13.0122, 48.0004, 12.0123, 
1324, 5, 51.0003, 13.0122, 50.0003, 12.0123, 
1325, 5, 51.0003, 11.0124, 50.0003, 10.0124, 
1326, 5, 49.0004, 11.0124, 48.0004, 10.0124, 
1327, 5, 49.0004, 9.01246, 48.0004, 8.01251, 
1328, 5, 51.0003, 9.01246, 50.0003, 8.01251, 
1329, 5, 55.0001, 11.0124, 54.0001, 10.0124, 
1330, 5, 53.0002, 11.0124, 52.0002, 10.0124, 
1331, 5, 53.0002, 9.01246, 52.0002, 8.01251, 
1332, 5, 55.0001, 9.01246, 54.0001, 8.01251, 
1333, 5, 55.0001, 7.01257, 54.0001, 6.01262, 
1334, 5, 53.0002, 7.01257, 52.0002, 6.01262, 
1335, 5, 53.0002, 5.01267, 52.0002, 4.01273, 
1336, 5, 55.0001, 5.01267, 54.0001, 4.01273, 
1337, 5, 51.0003, 7.01257, 50.0003, 6.01262, 
1338, 5, 49.0004, 7.01257, 48.0004, 6.01262, 
1339, 5, 49.0004, 5.01267, 48.0004, 4.01273, 
1340, 5, 51.0003, 5.01267, 50.0003, 4.01273, 
1341, 5, 51.0003, 3.01278, 50.0003, 2.01283, 
1342, 5, 49.0004, 3.01278, 48.0004, 2.01283, 
1343, 5, 49.0004, 1.01289, 48.0004, 0.0129403, 
1344, 5, 51.0003, 1.01289, 50.0003, 0.0129403, 
1345, 5, 55.0001, 3.01278, 54.0001, 2.01283, 
1346, 5, 53.0002, 3.01278, 52.0002, 2.01283, 
1347, 5, 53.0002, 1.01289, 52.0002, 0.0129403, 
1348, 5, 55.0001, 1.01289, 54.0001, 0.0129403, 
1349, 5, 62.9996, 7.01257, 61.9997, 6.01262, 
1350, 5, 60.9997, 7.01257, 59.9998, 6.01262, 
1351, 5, 60.9997, 5.01267, 59.9998, 4.01273, 
1352, 5, 62.9996, 5.01267, 61.9997, 4.01273, 
1353, 5, 58.9999, 7.01257, 57.9999, 6.01262, 
1354, 5, 57, 7.01257, 56, 6.01262, 
1355, 5, 57, 5.01267, 56, 4.01273, 
1356, 5, 58.9999, 5.01267, 57.9999, 4.01273, 
1357, 5, 58.9999, 3.01278, 57.9999, 2.01283, 
1358, 5, 57, 3.01278, 56, 2.01283, 
1359, 5, 57, 1.01289, 56, 0.0129403, 
1360, 5, 58.9999, 1.01289, 57.9999, 0.0129403, 
1361, 5, 62.9996, 3.01278, 61.9997, 2.01283, 
1362, 5, 60.9997, 3.01278, 59.9998, 2.01283, 
1363, 5, 60.9997, 1.01289, 59.9998, 0.0129403, 
1364, 5, 62.9996, 1.01289, 61.9997, 0.0129403, 
