341
342
343, 60.9704, 60.7303
344
345, 59.6938, 62.813
346, 57.8154, 62.9501, 56.2568, 63.1452
347, 56.5963, 61.9057, 56.9314, 60.5121
348
349
350, 56.7806, 59.7294, 56.8543, 58.051
351, 57.4645, 57.5693, 57.6574, 56.0387
352, 59.6056, 57.6104, 58.2199, 56.706
353, 63.0241, 59.8403
354, 60.9427, 58.6365, 60.8162, 58.8882, 61.3528, 58.8115, 60.3553, 58.6415
355, 60.2395, 56.3664
356
357
358, 53.8266, 63.7197
359, 52.5392, 61.9773
360, 54.2415, 61.3822
361
362, 49.2208, 63.3306
363, 48.7432, 61.6643
364
365, 51.6944, 58.8177
366, 49.8216, 59.9263, 49.6576, 59.2327
367
368
369, 54.8368, 58.2088
370, 53.3273, 59.2241, 52.1951, 59.2683, 53.0924, 58.64
371, 52.5522, 57.1402, 52.7142, 57.2806, 52.1468, 57.288
372
373, 55.0067, 54.2735
374
375, 53.557, 52.3602, 53.2835, 52.0318
376, 55.8894, 53.1864, 54.3534, 53.2136
377, 50.9114, 55.3655, 50.2073, 55.0042, 50.7242, 55.1526
378
379, 49.6879, 53.3159
380
381, 50.1184, 51.1002
382, 49.627, 50.8742, 49.0689, 51.4131, 49.5782, 50.7079
383, 49.9343, 49.0526, 48.8809, 49.5637
384, 50.13, 49.5607
385, 55.0776, 51.497
386
387, 52.0898, 48.2165, 53.1271, 48.7058
388
389, 62.7909, 54.0975
390
391, 60.2136, 52.8573
392
393, 58.2171, 55.9347, 58.2545, 55.5006, 59.2873, 54.0469, 59.3679, 54.1831
394, 57.7413, 54.4589, 57.4115, 54.0232
395, 57.9921, 53.9635
396, 58.4337, 52.4605
397
398, 56.6108, 50.8318
399, 57.5415, 49.0889
400
401
402, 60.1043, 51.1773, 60.1376, 50.449
403, 61.4218, 49.6037, 60.9325, 48.6138, 60.3938, 49.4492
404, 63.9514, 48.3931
405, 47.6805, 62.0827
406
407, 45.6014, 60.2439
408
409, 42.0609, 63.6992
410, 41.2488, 63.0387
411, 40.8966, 61.8036
412, 42.0201, 61.9139, 42.0892, 60.6081
413, 43.79, 58.3022, 42.782, 59.9522
414, 40.3356, 59.1048, 41.8483, 58.6575, 40.9672, 59.3732, 41.3124, 58.8155
415
416, 42.7098, 56.2566, 43.0091, 56.8832
417, 47.2934, 59.679, 47.5985, 59.0446, 47.8257, 59.7876
418, 45.9946, 59.1705
419, 44.6782, 56.9287
420
421, 39.2837, 63.3705
422
423, 36.0423, 60.7173
424, 38.4259, 61.9324, 39.7884, 61.7119
425, 34.062, 63.5858
426, 32.6839, 62.1738
427
428, 35.0472, 60.5959
429, 35.3482, 58.8538, 35.2923, 59.7389, 35.2316, 58.2865, 35.1527, 58.4547
430
431, 33.2876, 57.3026
432
433
434
435, 36.9262, 56.1673
436
437
438, 36.677, 54.1205
439, 36.7182, 52.0286, 37.1231, 54.0092
440, 38.5169, 53.4741, 39.11, 53.7515
441, 34.1094, 54.0102
442, 33.7171, 54.272
443, 32.8277, 53.7032, 33.9861, 52.5652
444
445
446, 33.4546, 50.6189
447, 33.7117, 49.2745, 33.9717, 48.4668
448
449
450
451, 36.6924, 48.3572, 36.7497, 48.8238, 36.8994, 49.473
452, 38.4913, 49.3239, 39.8712, 48.1879
453, 47.5278, 54.1523
454
455
456, 46.7633, 52.9673
457, 42.0675, 54.9553, 43.2444, 55.6834, 42.4481, 55.3519, 43.3734, 54.1137
458, 41.9436, 54.8835
459, 40.0617, 53.5106
460, 42.8815, 52.9316
461, 43.9031, 51.8263, 43.7183, 50.316
462
463, 40.9253, 48.623, 40.8173, 48.5967
464, 42.1598, 48.7538
465
466
467, 44.2717, 49.2035
468
469, 46.1786, 46.5182, 46.4732, 47.7847, 47.5458, 46.5777
470
471
472, 46.6329, 45.5318
473, 43.5315, 47.9212
474, 40.746, 47.3712
475, 40.6856, 45.907, 40.8582, 44.8217, 41.6142, 45.2477
476
477
478, 41.6314, 44.0017
479
480, 43.1319, 40.809, 43.5138, 41.2886, 43.1357, 40.279, 42.0814, 41.4368
481
482, 44.7176, 43.643
483, 45.7236, 40.6531
484, 47.8598, 40.2502, 46.679, 40.8739, 46.7794, 41.7656
485, 39.2483, 46.2321
486, 37.0312, 47.1336
487
488, 39.6461, 44.3963
489
490
491, 32.1175, 44.4218
492, 35.6667, 45.3514, 35.2833, 45.8398
493, 34.3113, 42.7461, 35.3752, 43.2163
494, 32.8023, 42.7343, 32.0452, 43.3699
495, 32.5356, 40.6557
496, 35.9045, 41.2493
497
498
499
500, 38.9828, 40.1381, 39.5806, 41.1323, 38.2015, 41.3185
501, 39.6112, 38.1566, 39.358, 38.8753
502, 37.7861, 39.5253
503, 36.9082, 37.9655
504, 38.5299, 37.625
505, 35.7455, 39.9169
506, 33.0329, 39.9781
507, 33.6974, 37.264, 32.1537, 37.044
508
509, 35.8902, 35.4847, 34.9599, 35.3045
510
511, 33.7291, 32.0947
512
513, 38.2049, 34.8727
514, 36.4003, 34.9582
515, 37.0326, 33.9136
516, 39.0227, 33.6478
517, 46.5456, 39.4172
518, 45.5267, 39.1194
519, 44.8193, 36.3412, 45.6448, 37.5806
520
521, 43.2995, 38.1658
522, 41.009, 38.2259
523, 41.3773, 37.9323
524
525
526
527, 40.8033, 33.5544, 40.3472, 32.4835
528, 42.7728, 33.8486
529
530, 45.8368, 35.031, 44.971, 34.5726
531, 44.8583, 33.1616
532, 47.6899, 33.9553, 47.4323, 32.3417, 47.6024, 33.7121
533, 62.6838, 47.6039, 63.8114, 47.9072
534, 61.3732, 47.1518
535
536, 63.1339, 45.3062
537, 59.5718, 46.1409
538, 57.5636, 47.8488, 57.1083, 46.6498, 56.7511, 47.0597, 57.2615, 46.4748
539, 57.1087, 45.562
540, 58.8468, 44.758
541, 58.9385, 43.8244
542, 56.3988, 43.1904
543, 56.5143, 40.0426, 56.918, 41.3896
544, 58.7133, 40.1843
545
546
547
548, 62.1964, 41.8406
549, 55.3942, 46.1444, 54.034, 47.0599
550, 53.6406, 46.3521
551
552
553, 51.0591, 46.8899, 50.0648, 46.0456, 51.5705, 47.982, 50.114, 46.8569
554
555, 48.9518, 44.7408, 48.779, 44.2068, 48.4009, 44.3719
556, 50.8002, 44.1921, 50.9944, 45.0186
557, 51.3214, 43.38, 50.2997, 43.8193, 51.4065, 43.0439, 50.2622, 43.3042
558
559
560
561, 55.8734, 42.5225
562, 53.0533, 43.2419
563, 52.4399, 40.876, 53.2624, 41.627
564, 54.0803, 40.0382
565, 55.4035, 39.8844, 54.5543, 38.4488
566, 52.1049, 38.0478
567, 52.6353, 36.9714
568, 55.9558, 37.706, 54.3908, 36.2706
569
570, 48.3805, 38.3812, 49.817, 39.8586, 48.6254, 38.9988
571
572
573, 50.794, 35.0747
574, 48.9552, 34.3699
575, 49.3598, 33.1901
576, 50.3806, 33.1342, 50.0884, 32.4976
577, 55.6111, 35.0334, 55.3084, 34.1575
578
579, 53.287, 32.9631, 52.4894, 32.4742
580
581
582, 61.2934, 39.9398
583, 61.214, 37.673
584
585, 58.143, 39.8141
586, 56.948, 39.1303, 56.3126, 39.6837
587
588
589
590
591, 56.0596, 32.9503
592
593, 63.3269, 34.1282
594
595
596, 62.2814, 33.2191, 63.2544, 32.9296, 63.3046, 33.8371
597, 31.5893, 62.2576, 30.5511, 63.6906, 31.2789, 63.6015
598
599, 29.6141, 60.4072
600
601, 27.3729, 62.9889, 27.2572, 62.147
602
603, 24.7468, 61.1911, 24.312, 60.0937
604, 27.8538, 61.9436
605, 27.349, 59.8077
606
607, 25.6146, 57.0579
608, 27.4117, 57.8905
609
610, 28.0088, 59.6374, 28.1318, 59.1341
611, 28.1667, 56.3248, 28.0283, 56.3582
612
613, 22.8085, 63.8701, 22.7525, 62.8467
614, 20.9681, 63.1006
615, 21.2597, 61.6088
616
617, 19.4749, 63.5026
618, 16.1263, 62.1243
619, 16.7605, 60.3572
620, 19.99, 60.3662
621
622
623, 16.6718, 56.1526
624, 19.0265, 57.9157, 19.4743, 56.8783
625, 22.9271, 59.5747, 23.2786, 59.2268
626, 20.7876, 59.6413, 20.2658, 59.5849
627
628, 22.8604, 56.2098
629
630, 21.5265, 54.2518, 20.8455, 55.6441
631
632, 22.0321, 52.1542
633
634, 17.1269, 55.1774
635
636
637, 18.4801, 51.7515
638, 17.6717, 50.7517
639, 16.478, 49.8085, 16.4153, 49.2238
640, 18.7211, 49.3669
641
642
643, 21.4543, 49.1667
644
645
646, 29.6744, 54.3323, 28.068, 54.4375, 28.0954, 54.6422, 28.9716, 55.0902
647, 29.5309, 52.4593, 29.8134, 53.027, 29.4814, 53.7184, 28.7373, 52.2179
648
649
650
651, 25.4999, 52.1451, 25.682, 53.8175
652
653
654
655, 24.0132, 48.6559, 24.5652, 49.5535
656
657, 31.2141, 50.8948
658
659, 29.2938, 49.9756
660, 31.7084, 48.6704, 30.4606, 48.466, 31.7291, 48.5305
661, 15.2499, 62.1206
662, 13.2644, 63.6285
663, 13.187, 61.8165
664, 15.0557, 60.4606
665
666
667
668, 11.0912, 60.0137
669, 10.8549, 58.0355, 11.1891, 59.2828
670, 9.48674, 59.2242
671, 9.45024, 56.388
672, 10.113, 57.1724
673, 14.9196, 59.3009, 15.6204, 58.393
674, 12.2734, 58.9699
675
676, 14.654, 57.1758, 15.0042, 57.3836
677, 6.07507, 63.8811
678
679, 4.46434, 60.7569, 4.76991, 60.8067, 5.94294, 61.5402, 4.56461, 61.6033
680
681, 3.30785, 63.5105
682, 0.548391, 63.7467
683, 0.988408, 60.1522
684
685, 3.58542, 59.2141, 2.56557, 59.2204
686, 0.266343, 59.0764, 0.5807, 59.1163
687, 0.180979, 57.6494, 0.747564, 56.726
688
689
690
691
692, 7.32538, 56.3637, 6.2428, 57.1342
693, 7.22971, 55.121, 6.99094, 55.6217, 7.56009, 54.269
694
695
696, 6.32689, 53.4432, 6.09245, 52.1726
697
698, 1.03536, 54.0879
699
700, 3.05547, 52.5979
701, 2.64167, 51.1024, 3.95268, 51.9801
702, 1.94074, 51.5935
703
704
705, 6.16986, 50.4091, 6.03647, 51.7987
706
707, 5.38782, 49.936
708
709, 15.6204, 54.3304
710
711, 12.1921, 52.664, 13.0679, 53.5854
712, 14.954, 53.1077, 14.5159, 52.1788
713, 11.5262, 55.2267
714, 8.51841, 55.2864, 9.41198, 54.3803
715, 9.93292, 53.0318
716, 10.494, 53.1208
717, 10.1968, 51.3666
718, 8.78282, 51.4673, 8.03039, 50.7821, 9.59245, 51.6046, 9.60633, 50.1949
719
720
721
722
723, 13.7295, 48.5893, 12.5375, 49.7543
724
725
726
727
728
729, 10.5025, 47.6846, 11.9058, 46.7009
730, 9.75295, 46.8575
731
732
733, 11.547, 43.7874, 11.7776, 42.6693
734, 8.76519, 42.2322
735, 9.24687, 40.7715
736, 11.3088, 40.9087
737, 15.4506, 43.2205
738, 12.3017, 42.4465, 12.8606, 42.3547, 13.5543, 43.4023, 12.7755, 43.3499
739
740, 14.314, 41.6725, 15.127, 41.7975
741
742
743
744, 6.99758, 44.6554, 7.73337, 44.0689
745, 2.26694, 47.8594
746, 0.90561, 47.9323
747, 1.11722, 45.9262
748
749
750, 0.167845, 43.9868
751, 0.347833, 41.5863, 1.15185, 41.6042
752
753, 7.75316, 43.8903, 7.02289, 43.1747
754, 4.06788, 43.8862, 5.73498, 44.0029
755, 4.7463, 40.5166
756, 6.90229, 41.4213
757
758
759, 4.05714, 36.3403
760, 7.62312, 37.7367, 6.44541, 37.0672
761
762, 1.00475, 38.9875
763
764
765, 3.76707, 35.8958, 2.33703, 34.5334
766
767, 1.96055, 33.9043
768, 3.36187, 33.3801, 2.28265, 33.5071, 2.44895, 32.9559, 2.60838, 32.7287
769
770
771, 4.68708, 32.9205
772
773
774, 12.6733, 39.1963, 12.0075, 39.6133, 13.4843, 38.8187
775
776, 15.7486, 36.9101, 14.719, 37.037
777
778, 9.06256, 38.846
779, 9.24595, 36.1121
780
781, 11.8634, 35.4512
782
783
784, 10.0569, 32.2215
785, 14.3772, 34.6716, 15.8519, 34.7626
786
787, 13.1657, 33.4482
788, 14.2027, 32.4425
789
790
791, 28.1093, 45.9378
792
793, 26.7486, 46.6879
794, 25.6343, 47.0862
795, 25.2494, 45.1883
796, 26.495, 44.543
797
798, 25.2369, 42.1652, 24.4328, 43.4145
799, 24.1044, 40.3425
800
801
802, 29.9219, 43.3963
803, 29.5583, 41.5069, 29.2633, 40.9835, 28.495, 41.451, 28.5335, 41.7609
804, 30.5534, 40.2477
805, 23.0985, 47.3468
806
807, 21.8585, 44.3177
808, 23.1779, 46.0075
809, 18.1948, 47.2662, 19.5461, 47.1941
810, 17.0124, 46.4493
811
812, 18.7447, 45.3288
813, 19.3128, 42.0557
814, 16.5191, 43.7487
815, 16.6685, 41.5782, 16.907, 40.5494
816, 19.5832, 41.3212
817, 22.4231, 43.9469
818, 20.5746, 42.7495
819
820
821, 22.0763, 38.3028, 23.4956, 39.3914
822
823, 20.0988, 36.6798
824
825, 18.8998, 39.4199
826, 16.8182, 38.6802
827
828, 19.3651, 37.5383
829
830, 17.7776, 35.4541, 17.0666, 34.5447, 17.9227, 34.9508, 17.6566, 35.0543
831
832
833, 22.9821, 35.359, 22.2206, 34.0809, 22.7436, 35.7533, 23.9984, 35.7246, 22.5164, 35.4622
834, 21.3484, 34.3515, 21.7616, 34.4102, 20.9075, 34.0894
835, 21.7805, 32.4875
836, 23.3462, 32.8577
837
838
839
840, 30.1749, 37.9226, 31.8812, 36.8768
841, 26.3989, 39.1668
842, 24.8318, 38.1562
843, 24.7978, 36.3763, 24.5786, 37.7608
844
845
846, 25.54, 34.1527
847, 25.6848, 33.1799
848, 27.1855, 32.8283
849, 31.642, 35.3644
850, 29.1642, 34.0699
851
852
853
854, 29.4817, 30.1849
855, 28.6991, 29.3292, 29.4892, 29.2589
856, 31.8622, 28.0911, 32.0012, 29.9055
857
858, 25.1997, 31.7716, 25.1582, 30.7919
859
860, 26.1746, 29.4359
861
862
863, 24.3337, 24.4587
864
865
866, 29.2169, 27.8015
867, 28.3547, 24.2375
868, 30.4105, 24.6086, 30.6851, 24.9785
869, 22.7944, 30.7324
870, 21.1479, 31.0348
871
872
873
874, 16.5284, 31.2608
875
876
877, 19.7278, 27.7605
878, 17.0966, 27.8234, 16.4213, 26.7193
879
880
881
882, 20.2021, 27.7765, 21.0779, 27.4953
883, 21.2381, 25.7522, 20.044, 25.3238, 20.6525, 24.4226
884, 23.1753, 24.3478, 23.5811, 25.6095
885, 22.0134, 23.0363
886
887, 20.8113, 21.377
888
889, 18.1321, 22.5573
890
891, 17.2313, 20.6069
892
893, 19.3424, 18.1209
894
895, 16.0135, 16.3986
896, 19.5353, 16.7405
897, 23.2703, 18.4492
898
899
900
901, 30.5895, 23.0467
902
903, 28.5853, 20.9795, 28.7284, 20.8332
904, 31.7488, 21.4382, 31.6052, 21.7005, 31.7061, 21.3692
905
906, 25.5216, 23.475
907, 25.9787, 20.9196
908, 27.6769, 20.547
909, 27.9414, 18.7634
910, 25.6631, 19.6588
911, 25.2313, 17.4201
912
913, 30.8439, 19.5172, 31.7426, 18.6274, 30.1008, 18.3796
914, 29.5492, 19.5154, 29.4598, 18.3088
915, 28.3737, 17.2174
916, 30.4516, 17.4712, 30.0192, 16.446, 30.7057, 17.3005
917, 14.0247, 30.5633
918, 13.4965, 30.3292, 12.2229, 30.9535
919
920, 15.2464, 28.8075
921
922
923, 8.0782, 29.5647
924, 11.761, 29.3145, 11.0761, 28.6708
925, 11.0959, 26.1896
926, 9.21485, 26.437, 8.83928, 26.7305
927
928, 10.0275, 25.6604, 10.4404, 25.0682
929, 15.8101, 26.0331, 15.0678, 26.6991, 15.6099, 27.9135
930, 12.0449, 27.9358
931, 12.8226, 25.676, 13.5852, 24.658
932, 14.7837, 24.6879
933, 7.20947, 31.3478, 7.8393, 30.9595
934
935, 4.71282, 29.5353, 5.9196, 29.6603, 5.14458, 29.9638
936, 6.95089, 29.1944
937
938, 0.324877, 31.1843
939, 0.889915, 28.6158
940, 3.1464, 28.7427
941, 2.22185, 27.638, 2.54189, 26.8252
942, 1.32532, 26.4788
943
944
945, 6.41769, 26.6692
946
947, 5.20096, 24.1918
948, 6.37179, 24.5053
949, 7.12164, 23.1425
950
951, 4.3269, 21.5776
952, 7.18114, 20.7422, 6.49251, 20.3642, 7.30985, 21.7428
953
954
955, 1.21029, 22.0058
956
957, 2.96737, 18.1707
958
959
960, 2.87942, 16.8715
961, 7.48765, 18.636
962, 5.54216, 18.7013, 4.83999, 18.2451
963
964, 6.35425, 16.9359, 6.8014, 16.4271
965, 14.0259, 22.3567, 15.8187, 23.0505, 14.2547, 22.2263
966
967, 12.5498, 20.5294
968, 15.6369, 20.8649
969, 11.4551, 23.0263, 11.5287, 22.9918
970, 8.84726, 23.0683
971, 9.14488, 21.0757
972, 11.5943, 21.8467
973, 11.7802, 18.0662
974, 9.94153, 18.7449, 9.09559, 18.8545, 8.83725, 18.2633
975
976, 12.0021, 17.679, 10.4164, 17.5303
977
978, 12.7823, 18.4151, 12.0479, 18.3801
979, 13.7434, 17.7923, 13.9072, 17.3739, 12.796, 16.3249, 12.076, 16.5081
980
981, 14.2466, 14.0664, 15.0215, 15.8356
982
983
984, 15.8696, 12.3881, 15.7744, 12.4766, 15.0089, 13.029
985, 11.2775, 15.364, 11.4053, 14.2058, 11.7633, 14.0706
986, 8.10683, 14.5633
987, 9.23176, 13.6398
988, 10.6986, 12.9905, 11.1447, 12.0124
989, 10.1496, 10.5403, 11.1502, 10.9036
990, 8.11553, 10.7034
991, 8.89605, 9.21226
992
993, 15.2879, 10.1322
994
995
996, 15.6255, 8.71491
997
998, 5.4023, 15.6709
999, 4.47401, 13.0979
1000
1001
1002, 1.04324, 15.5448
1003
1004
1005, 3.32408, 10.0997, 2.27323, 10.0835
1006
1007, 0.842334, 9.27656, 0.00300017, 9.91531
1008
1009, 6.49307, 10.0656, 7.50532, 10.3266
1010
1011, 5.98275, 8.63375, 5.28493, 9.10652, 5.40097, 8.54706
1012, 6.60296, 8.06882, 7.64024, 9.35266
1013, 6.98157, 7.93405
1014, 4.48577, 6.32559, 4.73969, 7.06733
1015
1016
1017, 2.02281, 7.17802, 3.11927, 7.69553
1018
1019, 0.221317, 4.11786
1020, 3.75829, 4.75267
1021, 3.29653, 3.41903, 3.54628, 2.19564, 2.24089, 2.42765
1022, 1.31253, 3.39669, 0.411239, 2.80904
1023, 0.0720307, 0.365385, 1.18757, 1.12127
1024, 2.81058, 1.52724, 3.78645, 1.92417, 3.21685, 1.33529
1025
1026, 4.01113, 3.01969, 6.00241, 2.83916
1027, 4.10696, 1.28148, 5.1709, 0.947641
1028
1029, 14.2706, 7.22632
1030
1031
1032
1033, 10.2928, 7.67932
1034, 8.30659, 6.96376, 8.17553, 6.47192, 9.16634, 7.65338
1035, 9.67872, 4.64288, 9.86505, 5.7683
1036
1037, 11.2264, 2.86269, 10.8273, 2.35633, 11.4529, 3.12485, 11.4121, 3.84996, 11.47, 3.04564
1038, 9.78405, 2.10513
1039, 8.47361, 1.21171
1040, 10.561, 0.751699
1041, 14.9724, 3.16628
1042, 13.6093, 2.39401
1043, 13.747, 0.206787
1044, 15.5858, 1.57283
1045, 30.8309, 14.4314
1046, 28.6101, 14.4708
1047
1048, 30.8794, 13.8128, 31.0954, 12.3191, 31.0694, 13.8532, 30.1231, 13.5427
1049
1050
1051, 25.5552, 13.5402, 25.9371, 12.3835
1052
1053
1054
1055, 24.7231, 8.98163
1056
1057, 31.1953, 10.0654, 30.5014, 10.8685, 30.1161, 10.6851
1058, 28.9696, 10.2504
1059, 29.5722, 8.48368
1060
1061
1062, 21.0417, 14.8114
1063, 21.0971, 12.1441
1064, 23.9076, 12.7362
1065, 18.8263, 14.8647, 19.722, 14.1446, 18.7156, 14.3626
1066, 17.5934, 15.3165
1067, 17.1958, 12.2643
1068
1069, 18.763, 11.813
1070, 17.1745, 10.4046
1071, 16.5912, 9.2288
1072, 19.2748, 8.06911
1073, 22.2154, 11.8158
1074
1075
1076
1077
1078, 20.0313, 6.75688
1079, 21.2087, 5.83351
1080
1081, 18.7954, 7.33874
1082
1083, 17.1574, 5.78356
1084, 18.1945, 4.91222
1085, 19.6968, 2.02581
1086, 17.0933, 2.24249
1087
1088, 18.8154, 1.62272
1089
1090, 21.8549, 3.21074, 21.9853, 3.22984
1091
1092
1093, 31.9056, 7.76056
1094
1095, 29.2929, 4.03813, 29.9181, 5.0085
1096
1097, 27.2995, 6.61697, 26.2407, 6.67718
1098, 24.4408, 6.2394, 25.8266, 7.23123
1099, 25.9257, 4.98797
1100
1101
1102
1103, 24.3656, 0.445068, 25.4905, 0.606089
1104, 27.8089, 0.206813, 26.2904, 0.346147
1105
1106
1107
1108
1109, 63.5591, 30.3258
1110
1111, 60.4364, 28.8587, 60.7885, 29.8348, 60.8811, 28.485
1112, 62.5151, 29.1483
1113
1114
1115
1116, 59.392, 29.3993
1117, 59.1427, 27.3469, 59.8589, 27.3218
1118, 57.6991, 27.6607
1119
1120
1121
1122
1123
1124
1125, 55.3331, 31.5135
1126, 52.4225, 30.2749
1127
1128
1129
1130
1131, 49.3182, 29.6562
1132
1133, 51.2496, 26.3393
1134
1135, 48.4845, 24.6105
1136, 51.7094, 24.7886, 51.1172, 24.9387, 51.2083, 25.0168
1137
1138
1139, 53.772, 25.2405, 53.1161, 25.2409, 52.1185, 24.6181, 52.3358, 25.2114
1140, 54.6975, 24.9632
1141
1142
1143, 53.0689, 21.1416, 52.953, 21.2147
1144
1145, 50.5116, 23.9489
1146
1147, 48.8114, 20.8702
1148
1149, 50.3041, 19.6773, 51.2655, 18.6276
1150, 49.6491, 18.4563, 48.1586, 19.0677
1151
1152
1153, 55.8098, 18.2495
1154, 52.9132, 18.613
1155
1156, 55.8782, 16.314
1157
1158
1159, 60.8567, 20.7203, 61.0709, 21.3652
1160, 63.0301, 21.6475
1161, 59.6172, 22.2429
1162, 56.9749, 22.3291, 56.4611, 23.4258
1163, 57.868, 20.0281
1164, 59.8945, 20.7707, 58.2098, 20.3471
1165
1166, 56.9869, 19.9994
1167, 57.906, 16.4855
1168, 58.0165, 17.8674, 58.1189, 16.1622, 59.576, 17.125
1169, 62.0294, 18.9678, 63.0354, 18.9722
1170
1171, 61.6379, 16.9314, 61.2231, 16.2837, 61.3134, 16.2097
1172
1173, 47.9644, 30.73, 47.3259, 30.5184, 47.9507, 30.34
1174
1175, 44.2929, 28.3239, 45.8939, 29.4443, 44.3757, 28.4222
1176, 47.2281, 29.6225, 46.3344, 29.7211, 47.3888, 28.6001
1177, 42.6803, 31.8245, 43.2305, 30.9088, 42.7664, 31.2089
1178, 41.4431, 30.6476, 41.4827, 31.3342
1179, 40.81, 28.9358
1180
1181
1182, 41.0292, 27.645, 40.8196, 27.7039, 41.9903, 26.4892
1183
1184, 43.8045, 24.5241
1185
1186
1187, 45.9208, 25.5951
1188
1189, 38.599, 31.515, 38.3727, 30.38
1190, 37.4135, 30.4867
1191, 37.0835, 28.9649, 37.2917, 28.5915
1192, 38.3546, 28.6926, 39.2349, 28.3385
1193
1194
1195
1196, 34.9302, 29.52
1197, 35.6124, 26.6561, 35.6839, 27.2768, 34.5225, 26.0234
1198, 32.9185, 27.2903
1199, 33.185, 25.6454, 33.113, 24.2431, 33.7169, 25.3002
1200
1201
1202, 37.105, 26.1387
1203
1204, 39.8217, 24.7687
1205, 38.0829, 23.1627, 38.6183, 22.4698
1206
1207, 37.8016, 20.0678
1208
1209
1210
1211, 32.994, 20.6369
1212
1213, 35.6421, 18.6516
1214, 33.3607, 18.1939
1215
1216
1217, 39.2089, 18.946
1218
1219, 37.3485, 16.9895
1220, 39.6542, 17.9878, 38.9685, 16.57
1221, 47.9853, 23.5945, 46.1966, 22.4323, 47.8228, 22.372
1222
1223, 44.8397, 20.2795, 44.7864, 20.9674, 45.0039, 21.3051
1224, 46.7667, 21.016
1225
1226, 40.9586, 22.6591
1227, 41.8115, 20.0467, 41.8578, 20.7349
1228, 43.1135, 20.7265
1229, 42.6596, 18.4818
1230, 40.142, 18.7235
1231, 41.8003, 16.465, 40.1611, 16.7607, 40.9663, 17.0509, 40.5454, 18.0085
1232
1233
1234, 44.6623, 19.9648
1235
1236, 47.7907, 17.7417, 47.6196, 17.1243
1237, 46.6815, 14.4151, 47.7488, 14.3465
1238, 45.1392, 14.8842, 45.0285, 14.1234
1239
1240, 47.3881, 12.9416, 46.8441, 12.0801
1241, 43.5309, 14.7634
1242, 41.5812, 15.8748, 40.2867, 14.6648
1243, 41.3978, 13.2019
1244, 43.4482, 13.7642, 43.7653, 12.5714, 42.0416, 12.5015
1245
1246, 40.072, 11.2793, 40.826, 11.6482
1247
1248, 43.5065, 9.93849
1249
1250, 44.0231, 10.6223, 45.5736, 11.6836
1251, 44.3192, 9.30388
1252, 46.5632, 8.89972
1253
1254, 37.4073, 15.6424, 36.0715, 15.5281
1255, 36.2345, 12.2054, 37.2768, 13.4952, 36.0529, 12.9429
1256, 39.8187, 12.2258
1257, 34.4355, 15.9528
1258, 33.5197, 15.8073
1259, 33.1337, 13.302, 33.2569, 12.3349
1260
1261
1262, 33.7328, 11.3365, 33.9181, 10.9324
1263
1264, 34.1021, 9.90232, 34.4676, 9.49388
1265, 38.0091, 11.5438, 38.1416, 10.6164
1266, 37.5687, 10.8056, 36.2214, 10.8639
1267
1268, 38.4315, 8.31846
1269, 38.8864, 6.66715
1270, 37.3944, 6.37628, 36.3569, 7.8505
1271, 37.0876, 5.84411, 37.8082, 4.33255
1272, 39.3105, 4.51565, 38.3772, 4.36703, 38.111, 4.1336
1273, 35.9079, 6.55634
1274
1275, 33.6637, 5.50757, 33.2934, 5.00686
1276, 34.0762, 5.60919
1277, 34.0228, 2.51394
1278, 32.6623, 3.10398
1279, 32.5631, 0.302497
1280, 35.5455, 0.933078, 34.4432, 1.06564, 34.6329, 0.373964
1281, 39.7967, 2.61532
1282, 37.0574, 2.10966, 37.8311, 3.42012, 37.7036, 3.71535, 36.8947, 2.77626, 37.4399, 3.86937, 37.1178, 2.83943
1283
1284, 38.2153, 0.504325
1285, 46.0332, 7.24996
1286
1287
1288
1289, 43.9928, 6.37696
1290, 41.4414, 6.44388, 41.309, 6.96225
1291
1292, 43.912, 5.99938
1293, 42.1853, 2.32495, 43.8332, 3.28842
1294, 41.036, 2.99823
1295, 41.3369, 0.384305
1296, 42.9978, 1.88648
1297, 47.9154, 2.33574, 46.6109, 2.97681
1298
1299
1300, 47.1617, 0.14139, 47.0494, 1.85668
1301
1302
1303
1304, 63.9312, 13.9684, 63.9996, 13.077, 62.3679, 12.5144
1305, 58.9793, 14.1904, 58.9107, 15.42
1306
1307, 57.8669, 12.2311
1308, 58.3454, 12.6433
1309, 59.1186, 10.8576
1310, 56.6409, 11.9209, 56.3206, 11.0542, 57.8172, 10.2486
1311, 56.9572, 8.02998, 57.4439, 8.70878
1312
1313
1314
1315, 61.5049, 8.06503
1316, 62.4243, 9.85106
1317, 55.8985, 14.9023
1318, 53.3276, 14.9691
1319
1320, 55.1627, 13.0271
1321
1322
1323
1324, 51.7997, 12.1001
1325, 50.4468, 11.306, 50.4698, 10.7295
1326
1327, 49.781, 8.29846
1328, 51.7821, 8.42894, 50.1851, 8.88608
1329, 55.518, 10.63
1330
1331, 53.6311, 9.90147, 52.3978, 8.29071, 52.6644, 9.48708
1332, 54.9674, 8.53683, 55.5086, 9.07497
1333, 55.3877, 7.02577
1334
1335, 53.8115, 4.31758
1336, 55.7146, 4.62904, 55.3716, 6.01085
1337, 51.8235, 6.08274
1338, 48.6952, 6.18761, 49.1652, 7.81352
1339
1340
1341, 50.8082, 3.4697
1342, 49.4532, 3.32866
1343, 49.7603, 0.446727, 49.4913, 1.82096
1344
1345
1346
1347
1348
1349
1350, 60.585, 7.82885, 60.5719, 6.49474
1351, 61.3602, 5.66581
1352
1353, 58.5741, 6.45485, 59.3834, 7.00957, 58.6785, 6.60759, 58.0457, 7.30875
1354, 56.8597, 6.54293
1355, 56.8927, 4.92766
1356, 59.4354, 5.73792, 59.7233, 5.7235, 59.5618, 5.91931
1357, 59.0964, 2.77726
1358
1359
1360
1361, 63.8591, 3.45968
1362
1363, 60.6032, 0.88744
1364, 62.9992, 0.229029
